4 4
8 27
26 26
7 7
27 79
39 46
4 4
3 12
33 33
17 16
26 16
16 16
12 71
11 11
13 13
1 1
24 113
3 75
1 1
18 58
21 3
4 4
18 113
19 34
7 7
18 16
21 12
4 4
18 18
19 19
7 7
18 113
21 3
4 9
18 18
19 25
7 7
7 107
41 107
8 27
1 1
25 25
9 4
7 7
3 12
4 4
1 46
4 11
17 17
15 15
7 28
4 30
17 83
15 15
7 7
4 4
17 7
15 31
7 7
4 30
17 17
15 3
7 7
7 24
3 3
4 30
1 6
7 3
3 3
22 8
4 4
8 8
13 23
17 17
32 22
32 32
31 47
29 21
5 6
34 34
6 6
29 59
15 15
4 103
22 105
7 6
12 12
9 4
4 9
22 18
12 12
8 79
11 4
3 3
1 1
3 3
37 4
1 7
10 15
4 4
2 2
5 81
17 83
12 12
2 36
29 29
5 26
29 29
5 78
6 89
21 5
24 6
15 15
7 7
8 79
5 13
17 17
27 27
41 5
14 17
17 17
19 19
1 1
3 12
33 33
7 46
10 10
16 103
3 59
1 38
11 22
3 12
1 1
7 7
5 13
1 1
14 14
1 85
25 19
30 103
23 15
33 33
8 8
29 29
5 26
23 10
17 17
4 4
28 44
6 6
12 12
17 17
10 10
1 1
21 12
17 83
3 71
9 16
17 17
10 10
1 1
21 12
17 33
3 3
27 27
41 41
14 14
1 1
10 10
2 8
1 85
10 25
4 4
2 2
5 59
17 83
12 12
2 18
29 29
5 26
4 4
22 30
12 12
8 8
18 79
23 55
14 27
14 103
6 108
10 52
27 105
41 59
14 46
8 101
26 19
7 105
14 103
6 48
10 71
4 4
22 18
12 12
8 8
18 79
23 81
14 59
32 59
15 3
1 107
32 32
21 32
4 4
22 99
12 12
8 8
18 89
15 47
6 89
12 12
8 32
13 23
17 17
17 113
13 46
1 89
12 81
8 101
13 46
17 107
18 79
10 10
18 105
37 37
26 85
4 4
37 103
28 46
22 45
32 69
15 89
1 107
11 69
12 71
7 81
14 89
27 59
39 46
7 25
18 89
23 89
14 69
24 113
15 46
2 45
32 69
34 48
14 8
8 103
26 19
7 107
32 32
5 15
7 7
25 25
18 18
10 52
18 20
22 27
7 81
21 63
37 103
26 114
24 107
28 46
37 59
37 69
26 59
18 24
19 19
12 12
8 59
25 82
2 105
4 69
8 45
12 45
7 108
13 13
16 113
17 83
17 83
23 23
1 85
17 81
23 13
1 85
4 69
3 103
4 103
2 78
5 59
25 45
7 45
14 85
14 103
3 114
9 103
39 82
2 85
17 113
3 71
7 107
8 45
7 81
3 71
4 59
1 59
7 110
3 71
4 103
1 107
4 69
17 107
15 89
7 89
22 27
7 7
21 21
7 24
3 71
22 79
4 103
7 24
41 107
8 8
22 22
7 32
27 27
39 25
7 28
11 11
6 6
15 15
1 33
14 8
4 37
4 37
12 12
4 4
28 28
6 6
12 71
7 81
10 21
11 11
11 11
28 6
6 6
3 15
4 4
2 2
4 4
13 13
1 1
2 103
6 6
12 12
18 18
24 24
15 3
2 2
7 6
39 23
1 85
27 27
41 41
14 14
6 47
6 6
38 55
1 107
14 27
8 8
26 59
7 5
7 7
4 4
8 79
26 26
7 107
8 8
26 26
7 7
4 4
28 28
11 4
2 2
4 37
28 28
11 11
2 8
32 32
15 12
1 1
8 32
38 38
7 7
10 15
11 11
7 7
13 10
1 33
36 36
8 8
21 21
8 8
8 8
21 12
8 79
18 32
13 23
2 8
5 47
23 23
22 22
7 34
15 12
2 45
18 25
15 25
7 7
2 79
24 24
40 59
18 17
24 6
40 34
18 18
15 3
7 7
2 7
37 37
18 20
15 3
7 7
2 2
18 18
15 3
7 7
2 2
14 27
6 6
10 52
36 2
10 23
7 19
14 2
22 22
15 15
2 2
22 22
15 15
2 2
36 2
10 10
7 7
14 2
17 17
21 12
8 8
8 8
13 23
22 22
17 7
3 28
7 7
8 47
8 8
26 26
7 7
17 17
12 3
2 59
22 22
15 6
22 69
5 46
17 17
22 32
40 31
1 1
10 10
4 4
22 18
26 25
1 1
27 32
7 34
34 6
4 4
8 8
13 23
1 1
2 8
6 6
12 12
37 37
12 12
22 22
37 37
12 12
22 45
8 8
13 23
17 17
4 4
8 8
26 26
7 7
4 4
4 4
8 79
26 26
7 7
4 4
8 8
26 26
7 25
2 2
25 38
18 22
23 15
8 8
2 8
34 13
17 17
18 22
28 19
14 14
12 3
15 15
7 6
18 18
25 41
7 7
15 21
27 79
9 4
18 22
28 13
14 14
12 3
11 37
12 12
2 2
15 31
7 18
18 18
25 41
1 17
6 6
13 34
1 33
18 47
23 15
8 8
2 2
6 6
12 12
11 11
28 19
6 6
3 15
4 4
2 2
8 8
26 26
7 7
7 24
12 12
11 4
6 6
28 28
8 8
11 11
7 6
38 25
5 46
4 4
13 13
1 17
17 17
26 17
1 5
4 37
12 12
7 81
21 21
8 8
6 46
28 83
7 81
10 10
11 4
11 11
13 23
1 1
10 10
4 9
32 32
28 7
8 8
12 12
18 18
21 12
4 16
18 85
19 19
7 7
4 4
3 3
33 33
17 17
29 20
26 5
9 11
3 71
8 8
2 8
13 23
33 17
4 37
38 23
1 17
14 14
4 30
17 17
15 15
7 6
1 85
25 25
1 17
25 34
4 4
17 17
15 15
7 28
4 4
17 17
15 12
7 6
17 24
26 19
16 18
12 3
27 27
21 12
17 17
7 55
25 89
1 69
13 47
7 25
22 22
34 23
2 8
12 12
27 59
21 21
17 33
27 1
21 20
17 85
32 69
5 59
7 81
25 49
10 10
4 4
4 4
8 8
21 21
2 32
3 3
33 33
1 12
13 12
7 12
4 103
28 103
11 4
2 2
14 8
6 6
10 10
6 32
32 69
34 48
14 8
11 11
34 13
17 17
5 5
36 103
3 3
8 27
3 59
1 85
8 8
23 39
2 2
4 4
8 27
26 26
7 5
8 8
21 21
8 8
8 8
23 23
1 1
14 27
12 71
15 3
2 8
8 8
23 23
22 8
18 18
10 52
17 17
13 13
1 1
12 71
7 7
39 59
1 85
24 6
40 59
37 37
26 26
24 6
28 13
37 37
8 8
23 5
22 8
24 113
28 46
37 37
18 113
10 52
24 24
40 40
18 18
41 107
8 8
4 79
8 27
26 19
7 46
8 8
13 23
17 17
5 48
1 85
8 8
13 83
17 69
5 48
1 85
32 69
5 81
7 81
25 81
4 32
21 21
7 45
10 45
11 45
17 24
26 107
1 69
7 78
25 81
17 7
4 4
4 4
28 34
11 4
2 2
14 14
6 7
10 10
8 89
32 8
15 3
1 3
8 27
24 20
24 24
28 10
37 37
37 37
24 6
3 21
1 26
4 4
13 10
1 71
18 58
21 63
4 103
18 113
19 89
7 81
27 89
21 71
17 85
27 107
25 25
24 24
3 12
1 1
18 20
13 41
2 103
5 41
11 11
13 28
1 25
11 4
26 4
14 4
36 37
3 19
7 58
14 14
6 6
5 85
1 1
22 22
40 49
7 24
3 3
8 8
8 8
13 5
22 45
1 17
10 10
11 7
7 6
3 3
4 4
1 89
7 6
3 26
4 9
1 4
31 20
6 7
4 4
36 36
3 3
1 85
4 4
17 81
15 59
7 107
2 2
13 85
33 85
7 81
41 107
8 8
11 11
12 78
7 107
11 2
21 2
4 8
4 103
11 103
12 31
7 112
4 103
8 69
13 13
17 83
5 55
1 107
18 7
41 7
8 8
2 14
6 107
12 12
40 78
6 5
7 7
10 10
11 103
22 81
7 81
34 48
1 105
2 103
6 6
3 81
16 113
5 47
4 4
12 6
8 69
24 24
10 52
5 105
2 2
6 6
28 15
33 82
27 82
41 85
14 114
18 20
23 47
14 85
8 8
26 5
7 81
32 32
22 22
3 103
27 103
14 2
13 2
8 27
8 69
13 107
1 1
2 103
6 107
12 71
11 103
12 31
7 82
14 103
11 11
12 31
7 82
14 14
36 103
3 3
8 8
3 103
1 4
8 8
21 21
8 8
18 58
13 79
2 103
5 41
18 59
15 31
6 6
12 71
7 101
13 13
1 1
36 35
18 113
41 107
8 8
8 8
13 46
17 85
22 22
7 24
21 21
6 6
10 10
2 103
24 24
18 18
17 83
13 13
1 1
12 12
10 10
4 103
32 69
28 28
8 79
12 71
4 8
8 8
12 29
4 4
3 71
33 82
18 81
19 107
7 81
27 81
25 81
7 112
18 113
21 71
4 103
18 81
19 19
7 89
18 18
34 49
4 103
8 79
3 59
2 103
18 17
19 19
7 107
4 103
24 107
3 71
17 85
4 103
24 19
3 3
17 1
11 11
13 13
1 85
17 81
26 78
16 71
12 71
27 27
25 19
11 11
13 13
1 85
4 103
24 110
3 71
17 85
17 69
26 81
16 81
12 71
18 107
19 112
7 107
18 83
21 71
4 103
18 113
19 19
7 19
4 7
3 3
33 1
4 4
3 3
33 1
18 113
19 107
7 81
17 17
29 78
26 107
9 113
3 3
8 8
4 4
8 27
12 75
24 24
3 71
1 1
8 8
13 83
17 17
11 4
21 21
4 9
11 11
21 21
4 37
4 4
32 69
5 5
7 47
25 89
40 78
6 48
18 81
10 52
18 20
10 34
32 89
5 81
7 46
25 7
22 105
7 24
21 15
18 32
41 45
8 103
22 8
7 6
21 63
8 8
13 28
17 17
40 49
6 6
14 17
6 6
10 23
8 6
26 5
7 19
8 8
13 23
24 24
40 34
17 17
13 23
1 81
12 19
8 8
23 46
22 45
18 47
15 23
7 7
2 8
24 45
40 30
4 103
28 46
8 8
4 4
6 6
10 10
2 2
18 23
15 34
7 46
2 45
32 32
40 47
32 32
40 6
34 34
17 17
1 29
25 19
9 4
31 59
6 59
7 7
41 41
8 8
7 83
3 71
22 79
4 4
36 37
3 15
1 1
32 11
31 60
32 69
31 40
4 30
17 6
15 26
7 26
36 36
12 12
8 8
11 11
21 21
4 2
18 17
10 52
18 18
18 8
28 13
14 14
12 12
11 1
26 1
14 105
4 11
3 3
33 33
18 8
23 4
14 4
8 27
13 38
17 45
6 24
10 10
2 4
32 11
25 15
17 17
6 6
32 69
5 15
7 7
25 25
7 7
39 5
1 15
18 99
41 46
8 27
18 107
41 89
8 8
27 45
41 45
14 2
4 4
22 18
12 12
8 79
4 11
28 13
11 4
2 2
32 32
34 28
14 8
6 107
28 107
33 7
24 16
32 4
31 6
11 11
12 29
7 19
18 99
41 46
8 79
8 8
13 38
17 17
22 22
7 7
21 3
4 4
8 8
13 13
17 17
32 11
25 38
17 17
4 4
38 25
1 71
14 105
8 8
21 21
8 8
14 23
6 6
3 3
33 1
8 27
4 4
21 38
8 79
13 47
17 17
5 19
1 17
18 20
10 10
17 85
13 23
1 1
12 12
8 8
23 47
22 45
32 32
23 32
2 32
24 59
40 69
4 2
28 2
8 5
4 4
32 37
5 3
7 6
25 7
32 7
25 19
17 7
6 6
10 15
2 23
18 14
19 14
12 12
18 83
10 47
18 78
10 81
4 7
28 28
6 28
12 6
18 89
10 46
18 81
10 81
6 24
15 12
14 33
4 4
21 59
32 36
5 59
7 47
25 59
4 4
21 19
11 45
6 107
15 107
1 5
14 85
22 103
7 24
21 21
18 20
19 5
12 25
4 103
28 59
6 69
12 69
8 8
13 59
17 17
5 5
1 17
7 33
39 5
1 33
18 24
10 85
18 69
10 25
4 1
22 35
12 15
8 23
6 24
15 31
14 33
8 69
13 13
32 32
25 59
17 7
22 107
7 7
21 12
18 83
19 19
12 7
18 24
19 19
12 25
4 32
21 19
22 46
7 89
21 21
37 103
4 11
28 5
8 8
4 4
24 24
40 69
17 24
13 3
1 1
12 5
11 32
3 12
2 9
17 24
13 3
1 17
12 12
8 8
25 103
2 103
18 69
10 10
24 1
28 14
37 37
8 8
13 13
17 17
4 4
21 21
27 59
39 5
7 5
18 20
19 19
12 12
22 22
7 7
21 21
8 8
13 23
17 17
4 2
22 22
12 12
8 8
4 4
21 15
18 89
41 41
8 105
8 8
13 6
17 5
5 13
1 85
22 103
7 24
21 12
18 32
10 52
18 105
10 52
7 7
39 5
1 85
40 5
6 5
7 24
21 21
8 2
4 4
13 23
1 17
32 32
25 38
17 17
6 89
38 13
1 71
14 2
27 27
41 105
14 9
32 32
10 6
11 45
3 8
2 4
4 37
28 41
8 8
4 4
4 37
28 28
8 8
4 4
37 37
26 41
18 59
15 59
7 13
2 9
18 17
15 62
7 19
2 16
4 11
28 28
8 8
4 4
37 32
26 26
11 103
3 4
2 7
24 24
40 21
32 69
5 3
7 7
25 5
18 18
19 13
12 71
8 8
13 13
17 1
5 34
1 114
8 8
13 23
17 17
4 4
28 46
8 8
4 4
24 24
28 28
37 37
4 4
8 8
26 26
7 5
18 22
41 19
8 8
4 4
28 34
6 6
12 12
8 8
13 34
17 11
29 29
15 3
4 4
22 22
7 7
12 12
9 103
17 45
10 45
1 17
21 21
17 17
3 12
9 16
27 89
41 41
14 8
17 17
19 13
1 6
3 26
33 25
7 81
39 47
1 47
11 11
12 3
2 2
15 59
7 5
18 27
25 10
6 6
10 21
2 4
27 18
39 6
7 13
6 6
15 3
14 16
18 32
41 39
8 79
6 6
10 38
2 4
11 69
6 6
15 15
1 1
14 79
32 32
23 23
2 2
18 27
21 41
18 3
12 33
6 99
15 75
14 14
36 2
3 29
7 25
14 32
6 59
5 69
1 25
7 2
3 4
22 4
4 4
2 2
13 6
33 25
7 7
41 41
8 8
22 99
7 7
21 21
4 37
28 34
11 4
2 2
32 32
10 10
14 6
6 38
10 21
24 24
15 15
2 2
4 4
23 23
1 1
14 27
32 32
10 23
18 69
41 46
8 27
18 24
19 19
12 12
32 32
10 45
32 32
21 12
11 11
12 12
7 13
14 8
4 4
21 21
37 36
28 23
22 22
4 4
22 27
12 12
8 27
18 32
10 21
18 99
10 52
8 8
13 23
17 85
17 17
3 29
7 31
8 105
7 1
3 25
8 2
7 7
3 3
22 27
4 4
18 18
10 21
18 20
7 7
39 13
1 85
4 4
21 52
7 47
39 34
1 25
18 18
19 10
12 71
4 4
21 21
11 11
28 19
6 6
3 25
4 4
2 45
11 22
28 6
6 7
3 5
4 4
2 4
6 6
10 10
2 2
6 6
28 89
33 7
32 32
14 20
28 19
27 27
8 8
38 38
15 3
2 103
8 8
13 105
2 2
15 3
2 2
8 8
21 21
8 8
18 6
10 10
11 4
3 3
2 2
17 17
13 47
1 6
12 71
8 32
13 23
17 33
24 89
3 113
1 24
11 11
13 23
1 1
17 17
23 23
1 1
17 24
23 24
1 17
8 8
13 113
17 78
5 34
1 1
7 37
3 3
22 8
4 8
6 6
10 10
2 2
18 18
10 5
18 6
10 21
22 18
7 5
21 5
8 17
13 48
17 85
5 85
1 85
8 69
13 47
17 85
18 113
10 15
18 113
4 69
12 71
7 103
10 103
11 59
8 8
13 23
17 17
5 48
1 1
8 2
13 23
17 17
6 6
3 46
16 16
5 34
7 7
10 10
11 9
6 6
28 46
8 103
17 17
6 6
10 21
2 8
32 32
4 11
28 28
11 4
2 8
7 7
25 25
7 7
18 22
23 23
14 8
32 32
18 18
15 3
4 4
2 2
4 11
28 28
8 8
4 4
32 32
23 23
2 8
8 8
25 38
2 8
18 18
15 15
7 25
2 8
37 103
24 24
28 6
37 104
17 17
13 13
1 1
12 21
24 24
40 40
11 11
3 3
2 8
37 37
4 4
28 28
8 8
4 4
8 8
25 38
2 2
37 37
39 15
2 103
17 32
29 29
26 3
9 4
3 59
8 79
17 17
26 107
16 11
12 12
17 85
26 114
16 4
12 71
17 17
26 107
16 11
12 21
17 17
26 114
16 11
12 12
18 22
23 39
14 2
7 7
25 25
14 47
34 34
8 105
32 32
7 7
4 11
28 46
11 4
2 103
32 32
34 34
14 8
32 69
34 23
14 8
7 7
39 34
1 1
18 17
10 52
18 18
10 10
22 20
7 7
21 21
4 4
22 18
12 3
8 8
4 4
21 21
4 4
21 21
4 4
7 7
3 105
22 22
4 46
31 31
6 34
11 11
21 21
4 9
36 36
3 3
1 1
22 22
34 28
2 36
12 21
22 27
34 34
2 36
12 21
22 18
34 28
2 36
12 21
18 18
34 28
4 4
8 8
3 71
2 106
18 22
19 15
7 7
4 4
3 3
33 33
27 27
25 15
7 7
8 27
13 83
17 17
5 34
1 85
22 5
15 15
2 103
2 2
12 3
36 2
5 34
1 17
21 21
18 18
5 34
29 29
13 28
33 17
18 18
41 46
8 8
8 27
13 83
17 17
5 34
1 1
7 7
4 4
12 12
2 103
6 24
12 3
7 7
21 12
8 36
6 15
28 28
8 8
18 18
41 19
37 4
6 6
3 3
16 113
5 34
6 6
38 38
1 17
14 8
27 27
41 41
14 14
7 7
7 78
22 18
7 7
21 12
8 8
13 32
17 17
18 18
41 28
8 8
6 6
28 28
8 79
6 6
3 15
16 16
5 34
7 81
10 21
2 2
40 78
6 34
22 32
7 7
34 34
1 6
2 4
4 4
12 12
7 78
21 21
8 8
7 7
12 3
11 9
14 27
34 34
8 8
32 69
34 34
14 36
4 11
28 28
6 6
10 21
2 2
18 22
23 39
14 8
32 32
18 69
27 27
41 5
14 8
4 11
28 28
11 4
2 2
32 69
34 34
14 103
32 69
34 48
14 2
6 6
38 38
1 17
14 36
7 7
14 14
34 34
8 8
6 6
10 10
2 36
8 69
24 24
10 10
5 3
2 2
37 37
12 12
22 8
22 18
3 3
27 2
37 37
39 34
2 4
8 8
25 38
2 35
27 69
25 113
32 32
15 59
1 3
36 33
3 8
8 32
3 47
1 1
8 8
21 21
8 23
8 8
23 23
1 105
14 14
12 71
11 8
26 8
14 4
22 18
15 3
2 103
22 8
7 7
21 21
2 39
36 35
3 114
7 85
14 14
6 5
5 6
1 6
36 35
3 31
7 5
14 14
6 6
5 85
1 6
29 78
13 13
33 1
7 9
3 12
8 8
8 79
13 28
22 45
2 6
12 3
36 36
5 23
27 59
21 3
17 85
21 1
35 35
36 35
26 5
9 4
22 71
3 86
27 101
7 29
41 86
8 27
21 45
35 69
22 45
3 45
27 18
2 37
26 26
23 23
22 89
7 89
7 29
28 47
33 83
22 22
3 71
27 85
7 78
28 28
33 17
36 103
26 3
9 12
22 22
7 59
12 12
9 9
2 2
26 114
7 69
28 13
33 85
7 101
41 19
8 8
18 59
21 25
4 9
18 101
19 114
7 7
22 22
7 7
12 71
9 9
7 71
41 19
8 27
23 23
22 22
7 7
2 36
26 83
22 22
7 71
12 71
9 69
23 23
22 107
7 7
