18 6
10 52
18 18
10 10
7 7
6 6
28 28
33 33
14 14
6 6
11 101
26 26
14 2
18 18
13 28
2 2
5 47
6 6
15 15
14 105
17 17
3 3
7 7
8 8
1 1
10 21
11 4
11 16
21 21
4 4
7 7
3 15
4 103
1 1
2 2
13 23
33 17
31 31
6 46
11 11
12 31
7 7
27 79
39 15
7 89
1 1
7 7
3 59
22 22
4 11
27 27
41 41
14 105
17 83
19 19
1 1
3 15
33 33
24 24
15 15
7 7
14 14
13 28
1 1
24 24
15 15
7 7
14 14
13 28
1 17
24 24
15 15
7 7
14 14
13 28
1 1
1 17
25 25
30 18
23 23
33 33
8 45
29 8
5 26
32 32
31 31
29 29
5 113
34 48
6 6
23 23
17 17
4 103
28 48
6 6
12 12
24 24
15 15
7 7
14 14
13 28
1 17
32 69
5 15
7 81
25 59
8 8
23 23
22 45
4 11
28 28
8 8
4 4
37 37
24 24
28 13
37 37
14 14
28 28
27 8
32 32
21 21
18 99
41 13
37 4
8 8
38 38
4 4
38 38
1 1
14 14
1 1
7 7
41 41
8 8
4 4
17 17
15 15
7 7
2 32
13 28
33 17
11 4
12 31
7 7
7 7
21 21
8 8
8 8
23 23
6 6
5 2
2 2
4 103
3 5
4 4
2 105
5 5
11 18
23 23
17 17
5 59
7 7
12 71
29 29
13 28
33 17
17 63
26 26
16 9
12 71
15 15
7 7
18 18
11 4
3 3
33 33
27 27
5 49
32 32
23 23
1 1
14 14
6 6
13 13
1 1
32 32
31 52
29 29
5 113
34 48
6 69
29 29
15 15
4 103
22 22
7 7
12 12
9 9
29 29
15 15
4 103
22 22
7 7
12 12
9 9
7 7
6 6
10 10
2 2
32 32
34 34
14 27
6 47
28 28
33 7
23 23
22 22
7 19
15 3
2 2
8 27
41 41
8 8
7 7
12 12
11 16
14 14
6 6
10 10
4 4
17 24
26 17
1 17
32 32
34 34
14 14
17 17
13 13
1 1
12 71
18 18
15 15
4 4
2 2
37 37
4 4
3 3
4 4
2 2
5 5
25 55
7 7
14 14
4 4
28 34
6 6
12 71
8 8
32 69
32 32
15 15
1 71
1 78
25 55
30 103
23 15
33 33
8 8
29 29
5 12
8 8
13 38
17 113
5 19
1 81
8 8
13 28
17 24
5 19
1 1
11 11
6 6
15 15
1 71
14 59
15 15
7 105
18 105
25 55
32 32
32 32
31 31
6 5
2 8
21 21
4 4
2 2
32 32
31 73
1 85
25 46
9 34
36 36
3 3
1 1
7 7
4 4
17 17
15 21
7 85
4 4
17 7
15 40
7 59
4 4
17 17
15 15
7 7
4 4
12 21
6 24
3 15
16 4
5 46
18 20
41 5
37 103
40 45
6 105
7 1
25 55
32 69
10 10
32 69
34 34
14 59
18 18
34 34
4 4
8 8
3 3
2 45
18 99
19 19
7 107
4 4
13 34
1 1
11 11
28 28
6 6
3 15
4 4
2 2
11 30
7 7
38 55
5 46
8 8
13 28
17 5
4 4
13 28
1 17
4 103
4 11
23 23
1 17
14 14
2 2
6 6
12 12
6 113
28 28
8 47
18 10
10 10
18 18
10 10
11 11
34 34
17 16
5 5
27 27
41 25
14 103
32 32
11 4
12 31
7 7
14 2
17 17
38 38
4 4
36 36
3 3
8 8
3 3
1 1
18 99
19 19
12 12
18 99
6 6
15 15
14 2
18 18
37 37
18 18
15 15
4 4
2 105
24 24
40 40
24 24
3 3
1 1
24 24
3 3
1 17
4 4
3 3
4 4
2 59
11 11
23 23
17 16
5 5
7 7
12 12
11 11
23 23
17 20
5 13
7 16
12 3
4 4
22 18
26 26
1 5
32 69
22 103
7 6
21 23
31 31
6 5
2 2
21 21
4 4
2 8
36 36
3 15
1 1
1 78
11 4
12 31
7 7
36 8
3 3
1 14
11 4
21 21
4 4
7 1
10 10
2 2
4 4
17 6
15 15
7 7
7 16
3 3
4 4
1 5
4 4
17 6
15 38
7 7
7 20
3 3
4 4
1 5
6 24
3 5
16 11
5 28
32 32
6 6
13 28
1 17
27 27
41 5
14 14
17 24
19 19
1 16
3 15
33 5
29 29
15 23
4 4
22 30
7 26
12 1
9 9
29 29
15 23
4 103
22 22
7 7
4 4
13 28
1 17
32 32
1 81
25 3
9 9
2 2
21 21
11 4
12 78
7 7
4 4
17 17
15 38
7 7
4 11
13 28
1 17
32 17
32 29
31 31
6 39
11 4
12 31
7 7
4 4
11 11
6 6
15 15
1 1
14 14
8 22
23 23
6 78
5 46
2 45
24 113
28 85
1 1
2 2
11 11
13 48
1 1
18 18
11 11
13 48
1 1
4 4
24 24
12 12
2 2
11 11
19 19
8 45
4 4
22 18
12 3
8 27
22 103
7 7
21 21
4 4
8 27
26 26
7 7
4 103
23 23
1 1
14 14
4 4
8 79
26 26
7 59
11 11
6 6
15 15
1 1
14 14
11 37
7 7
38 38
5 6
6 10
15 21
14 14
24 24
15 55
7 7
14 14
13 28
1 1
4 4
13 34
1 1
4 4
12 26
24 24
15 46
7 7
14 14
13 34
1 1
27 5
41 5
14 1
1 1
10 10
2 2
27 15
41 3
14 16
1 1
10 10
2 2
6 6
28 28
33 33
32 69
7 59
3 5
4 4
1 5
4 4
17 83
15 46
7 7
36 36
3 23
1 1
11 11
21 21
4 4
11 11
12 12
7 7
2 8
13 48
33 1
31 31
6 5
2 2
13 46
33 17
2 8
13 13
33 5
32 69
7 7
18 18
23 34
14 14
8 8
26 26
7 7
27 27
39 15
18 18
6 6
15 28
8 8
11 11
5 25
4 4
2 8
18 18
6 6
15 23
8 8
11 11
5 15
4 4
2 103
18 18
21 21
8 8
18 18
13 28
2 2
5 5
8 8
23 23
1 1
14 14
12 26
11 11
26 26
14 14
8 8
13 28
17 17
18 18
6 6
15 39
14 35
18 18
17 17
13 46
1 85
12 25
24 24
40 5
24 24
28 13
37 37
37 37
26 89
14 14
6 6
10 10
8 22
23 23
22 22
4 4
3 13
4 4
2 2
5 5
17 17
23 48
1 1
2 2
12 3
36 36
5 5
4 4
3 13
4 4
2 2
5 5
7 7
13 28
16 16
36 36
3 89
7 7
14 14
6 6
5 85
1 1
36 36
3 6
7 7
14 14
6 6
5 5
1 17
36 2
3 6
7 19
14 14
6 6
5 13
1 1
14 5
3 5
9 9
39 38
2 2
24 24
19 19
2 2
5 5
14 14
3 6
9 9
17 17
17 83
27 27
41 41
14 14
10 10
4 9
32 32
28 28
8 8
12 26
10 10
4 4
32 32
28 28
8 8
12 26
11 11
13 13
1 1
7 7
32 32
14 14
6 6
18 18
27 27
6 6
34 34
4 4
27 79
6 46
34 34
4 4
11 11
34 34
17 17
5 5
11 11
12 31
7 25
14 59
11 11
12 31
7 7
14 14
36 36
3 3
8 8
3 23
1 33
36 36
3 3
8 8
3 47
1 88
37 37
25 25
7 7
14 14
5 5
2 8
6 6
13 13
1 17
32 69
11 101
3 15
33 33
27 27
5 5
15 89
7 113
18 6
25 5
1 85
12 26
32 69
34 34
14 14
1 17
12 12
2 8
25 23
2 8
11 8
3 21
33 33
27 27
5 5
1 78
21 21
18 18
5 48
8 69
13 83
17 17
5 19
1 1
4 4
28 28
6 6
12 12
31 31
6 34
17 18
10 10
1 1
21 31
17 16
3 3
9 4
2 2
27 18
7 7
34 28
4 4
32 32
5 15
7 7
25 10
4 4
13 28
1 20
2 36
6 6
12 12
22 2
3 3
27 79
11 11
34 48
17 17
5 5
18 18
6 6
15 15
8 79
11 103
5 5
4 4
2 2
27 27
21 21
17 17
11 11
13 28
1 17
4 4
24 24
3 15
17 1
18 99
19 112
7 79
36 36
3 3
1 1
2 8
21 21
4 4
2 2
7 7
3 3
4 4
1 7
2 2
13 28
33 1
11 11
12 31
7 7
32 32
11 11
21 21
4 4
17 17
14 14
3 3
9 9
39 5
2 105
15 38
7 7
18 24
25 10
2 8
11 4
3 3
33 33
27 27
5 5
36 36
3 6
1 6
4 4
17 17
15 15
7 7
7 9
3 3
4 4
1 1
7 7
3 3
4 4
1 7
11 11
13 13
1 1
1 1
21 21
18 18
5 5
27 114
41 59
14 20
1 1
10 10
2 45
11 11
6 6
15 15
1 1
14 14
32 32
31 31
36 36
3 12
1 2
31 31
6 46
11 11
21 21
4 4
11 11
28 28
6 6
3 107
4 103
2 2
27 27
21 12
17 1
36 36
10 52
7 7
14 2
40 38
6 78
7 7
12 12
11 11
24 24
5 3
14 35
29 29
5 26
7 7
10 10
8 8
4 4
13 5
17 33
35 35
26 26
4 4
36 36
10 10
7 82
14 8
2 15
12 12
36 36
5 46
8 8
7 7
34 34
4 4
17 17
21 21
2 4
4 4
13 34
1 1
37 37
26 26
37 37
17 17
13 13
1 14
12 12
24 24
28 7
37 37
24 24
40 40
18 18
8 8
26 107
7 69
7 9
3 59
4 20
1 5
4 4
17 17
15 40
7 25
36 36
3 3
1 2
32 32
11 4
21 21
4 4
11 11
21 21
32 24
7 7
25 114
36 35
3 3
1 3
36 35
3 3
1 3
6 20
13 28
1 45
1 17
1 14
12 12
27 27
41 59
14 105
6 6
13 34
1 16
1 1
12 12
8 8
23 23
1 1
14 18
12 12
17 83
10 52
1 1
21 21
17 17
3 3
9 103
24 89
5 3
14 14
29 29
5 26
7 7
10 10
8 8
4 8
13 1
17 14
35 35
26 26
4 4
24 113
15 15
7 107
14 14
13 10
1 17
4 103
28 48
11 4
2 2
29 29
15 15
4 4
22 105
7 6
12 12
9 9
27 79
41 41
14 45
1 1
10 10
2 45
23 10
17 1
4 103
28 89
6 6
12 71
8 79
24 24
10 10
5 105
2 2
14 14
6 6
10 10
32 69
34 48
14 103
32 69
5 59
7 81
25 93
14 14
6 6
10 10
4 103
28 89
11 105
2 103
7 20
38 55
14 105
14 14
6 6
10 52
32 69
34 48
14 46
27 27
41 105
14 2
6 11
28 28
33 17
18 99
10 52
18 99
10 52
6 83
28 28
33 33
7 7
32 69
27 27
41 105
14 103
27 27
41 59
14 105
27 27
41 71
14 106
22 22
3 3
27 8
14 47
28 89
27 8
4 103
23 23
1 1
14 14
14 105
13 28
8 79
32 89
19 19
4 4
14 14
13 28
8 8
11 11
11 59
8 8
23 23
1 1
14 18
12 71
8 8
41 41
8 79
4 103
13 48
1 1
18 18
15 15
6 6
12 71
8 8
25 52
2 2
24 24
40 40
18 18
32 69
34 34
14 2
27 59
41 71
14 105
6 6
3 3
16 113
5 46
11 103
7 81
38 55
5 89
40 15
6 40
17 113
26 26
1 14
11 103
13 48
1 14
11 11
13 10
1 1
4 4
24 24
3 59
17 14
11 11
13 28
1 17
4 9
3 3
33 33
6 113
28 46
8 45
10 10
4 9
32 69
28 46
8 79
12 71
17 83
26 75
16 69
12 75
11 103
13 34
1 17
10 10
4 103
4 79
8 79
21 71
2 101
3 3
33 1
10 52
4 2
4 4
8 27
21 12
2 14
3 3
33 33
1 1
10 10
11 104
6 113
28 28
8 45
14 20
3 5
9 9
39 5
2 45
4 4
22 18
26 21
1 14
17 17
23 34
1 1
11 4
23 23
17 20
5 5
7 7
12 12
11 11
23 23
17 20
5 59
7 7
12 12
8 8
7 7
34 34
4 4
17 17
21 12
2 2
32 32
40 40
6 89
28 28
8 23
11 4
3 3
33 33
27 27
5 48
1 1
12 12
15 55
7 7
18 99
25 52
8 8
13 23
1 33
2 11
6 6
12 12
18 18
41 13
8 2
27 27
41 3
14 8
14 14
34 28
8 8
6 6
28 28
33 7
32 32
7 1
4 4
22 18
12 3
8 8
14 22
6 6
8 27
26 19
7 7
6 6
28 28
33 1
27 15
41 5
14 27
32 32
10 10
7 7
14 14
28 28
27 8
18 18
19 19
12 21
10 10
4 4
32 6
28 28
8 8
12 21
18 6
13 13
2 2
5 5
23 8
22 22
7 28
11 25
26 25
14 35
8 8
21 21
8 8
24 24
28 28
37 4
4 4
28 28
8 2
4 4
37 37
24 24
40 40
18 18
34 28
4 4
8 27
3 3
2 2
18 18
19 19
7 7
4 4
8 27
12 29
10 10
4 4
4 4
8 36
21 3
2 27
3 3
33 5
27 25
41 3
14 103
6 6
3 15
16 27
5 23
6 24
28 28
33 33
8 24
24 24
10 10
5 2
2 2
11 22
7 7
38 38
5 23
27 27
41 3
14 27
1 17
21 21
18 20
5 23
17 17
23 23
1 25
17 7
26 26
1 3
2 11
6 6
12 12
4 4
8 27
26 112
7 81
6 24
3 5
16 16
5 5
4 4
23 23
1 33
14 14
14 14
34 28
8 23
7 7
38 38
14 14
14 14
6 6
7 7
27 27
41 41
14 2
27 69
6 32
18 79
10 52
18 27
14 32
8 32
38 38
11 24
34 34
17 7
5 5
32 69
15 25
1 5
18 18
24 24
40 40
2 4
6 25
12 12
18 18
41 41
37 37
7 7
12 12
11 103
4 4
23 48
1 1
14 14
8 69
24 46
10 10
5 55
2 2
6 20
10 52
2 2
14 14
6 6
10 52
7 85
38 55
14 14
32 59
5 59
7 82
25 25
6 113
38 55
1 71
14 14
32 36
6 89
28 113
33 107
14 14
27 27
41 41
14 2
18 18
23 23
14 103
7 7
12 12
11 30
40 49
6 5
11 30
7 7
38 38
5 69
7 81
21 21
8 8
18 18
41 39
37 103
1 1
10 10
4 4
2 2
5 5
17 17
12 75
2 9
29 29
5 3
24 24
15 15
7 7
14 14
13 48
1 17
18 99
19 89
12 78
8 8
13 15
17 113
5 93
1 17
18 99
19 19
12 25
18 18
41 5
37 37
11 11
28 28
6 6
3 3
4 4
2 2
11 11
28 89
6 6
3 3
4 4
2 2
6 113
3 3
16 103
5 49
2 2
6 6
12 12
7 7
4 4
13 28
1 17
4 4
28 28
11 103
2 105
6 113
28 28
33 1
7 7
25 10
32 69
32 69
14 14
6 6
10 10
27 90
41 105
14 2
17 24
26 14
1 105
22 22
3 3
27 8
17 6
18 32
6 6
15 23
8 79
11 103
5 5
4 4
2 2
18 18
6 6
15 15
8 79
11 103
5 5
4 4
2 2
18 6
13 6
2 2
5 49
18 6
13 2
2 2
5 5
17 17
13 46
1 85
12 71
8 8
25 71
2 2
24 24
40 40
18 99
27 27
25 46
7 55
27 79
25 25
7 89
10 10
4 4
4 5
8 79
21 21
2 2
3 3
33 33
10 10
4 9
4 79
8 27
21 21
2 2
3 3
33 33
10 52
4 4
4 4
8 27
21 21
2 2
3 3
33 33
32 69
4 4
8 27
4 4
3 3
4 4
2 14
5 5
4 4
3 3
4 4
2 2
5 5
1 17
21 63
18 99
5 5
36 36
10 10
7 7
14 2
8 8
13 28
22 45
17 69
24 113
19 19
2 2
5 5
7 7
7 7
3 3
4 4
1 15
2 2
13 13
33 5
11 4
21 21
11 11
21 21
1 20
11 4
14 14
6 6
32 32
4 4
17 17
15 15
7 7
11 103
12 75
7 81
36 36
3 3
1 32
1 85
36 35
3 29
1 7
36 35
3 12
1 12
8 8
26 26
7 7
11 4
21 21
32 32
31 3
31 18
6 78
31 18
6 78
36 36
12 3
8 103
7 7
3 3
4 9
1 5
4 4
17 17
15 38
7 7
11 11
12 31
7 107
8 8
4 30
17 17
15 15
7 7
4 4
17 17
15 38
7 7
11 11
34 34
17 17
5 5
23 23
22 22
7 7
18 22
6 6
15 15
8 79
11 103
5 13
4 4
2 2
18 22
6 24
15 15
8 79
11 103
5 5
4 4
2 2
37 37
28 28
22 107
24 24
28 13
24 24
40 40
37 37
26 26
18 2
15 8
4 4
2 2
4 4
24 24
3 3
17 1
4 4
24 24
3 3
17 1
27 79
25 55
7 81
4 4
21 21
27 79
25 55
7 113
4 4
3 3
33 33
17 83
26 3
16 103
12 71
24 24
3 3
1 1
22 22
34 46
2 103
12 3
4 4
8 27
4 2
8 79
2 2
12 12
36 36
5 5
11 4
26 12
14 103
11 11
23 48
17 113
5 81
7 7
12 21
11 11
23 23
17 17
5 85
7 7
12 71
11 11
23 23
17 17
5 85
7 7
12 21
11 11
23 15
17 17
5 59
7 7
12 3
8 14
7 7
34 28
4 9
17 17
21 21
2 2
8 8
7 7
34 34
4 4
17 17
21 21
2 2
17 17
23 23
1 1
1 113
21 71
18 18
5 5
4 4
22 18
27 79
7 81
34 34
4 21
4 4
17 17
15 15
7 7
1 17
32 32
31 3
31 29
6 71
31 20
6 71
18 18
6 6
15 15
14 14
18 18
15 113
6 6
12 25
18 46
13 105
2 103
5 5
1 1
36 36
3 3
1 1
2 69
21 21
4 4
2 2
7 9
12 12
11 9
36 36
12 12
8 9
4 4
15 81
7 7
18 18
37 37
25 55
7 7
14 14
5 5
2 69
15 15
7 7
18 99
4 4
28 28
6 6
12 5
4 4
2 8
13 48
33 7
8 8
13 28
17 17
7 7
8 27
26 19
7 7
4 4
12 12
36 36
3 3
1 33
11 4
12 31
7 7
31 31
6 5
4 11
40 6
6 15
4 4
17 17
15 38
7 7
11 32
21 21
4 4
7 7
3 3
4 4
1 25
11 4
4 4
17 17
15 38
7 7
11 4
18 18
6 6
15 38
14 2
18 18
13 28
2 2
5 5
18 18
18 14
15 40
6 6
12 12
32 32
5 15
7 7
8 8
13 28
17 17
4 4
28 34
6 6
7 7
18 18
19 19
12 21
32 32
15 15
1 33
37 37
12 3
22 45
11 11
34 34
17 17
5 5
4 4
8 79
32 69
8 22
23 23
1 1
14 14
24 24
40 40
24 24
28 28
37 4
2 2
12 3
36 36
5 5
6 6
3 3
16 103
5 5
36 36
3 3
1 33
2 2
13 46
33 19
36 36
3 31
1 1
6 6
13 34
1 1
1 6
12 12
27 90
41 41
14 14
17 17
19 19
1 1
3 3
33 33
32 32
40 40
15 55
7 7
18 18
11 18
3 3
33 33
27 105
5 5
6 6
13 13
1 17
2 8
13 23
33 25
4 4
17 81
15 38
7 89
4 4
13 34
1 29
31 31
6 5
7 9
3 15
4 103
1 25
11 4
12 12
7 7
11 11
21 21
4 4
18 18
41 79
37 4
11 18
28 19
6 6
3 15
4 4
2 2
36 36
10 10
7 7
14 2
29 29
13 28
33 7
32 32
22 8
7 7
4 4
8 79
27 27
39 38
7 7
18 18
10 10
18 14
18 18
10 52
18 18
31 31
6 5
17 17
10 10
1 1
21 21
17 17
3 15
15 89
7 28
18 18
25 25
17 83
26 1
1 113
1 1
12 12
18 18
15 40
6 6
12 12
18 6
13 6
2 2
5 5
18 6
13 28
2 2
5 5
4 4
13 28
1 17
18 18
6 6
15 23
8 79
11 103
5 13
4 4
2 2
11 11
23 23
17 17
5 3
7 1
12 21
1 1
21 21
18 18
5 5
22 22
34 34
2 2
12 21
18 18
19 19
7 113
11 11
13 34
1 1
17 31
26 3
16 9
12 12
4 4
24 24
3 3
17 1
22 22
34 34
2 2
12 12
24 24
3 6
1 6
18 18
23 23
14 47
10 10
4 26
4 4
8 27
21 15
2 2
3 59
33 45
18 18
34 34
4 5
8 27
3 41
2 2
18 22
19 19
7 7
22 22
34 34
2 69
12 29
4 4
24 24
3 15
17 1
18 18
34 34
4 4
8 27
3 41
2 5
18 18
19 19
7 7
27 79
25 55
7 7
14 5
6 6
10 10
22 2
7 17
8 25
26 25
7 7
22 22
3 3
27 8
32 69
15 23
1 1
18 89
15 47
6 6
12 12
18 18
13 28
2 2
5 5
7 47
39 15
1 1
11 11
34 34
17 17
5 46
32 32
7 7
10 10
11 16
4 7
13 28
1 1
11 103
7 7
38 38
5 69
36 59
3 15
8 8
3 15
1 1
32 69
15 15
1 1
17 17
38 38
4 25
27 27
6 6
34 34
4 25
18 18
15 40
6 6
12 12
6 59
3 59
16 69
5 5
18 18
15 15
6 6
12 12
7 29
10 10
11 30
6 6
3 59
16 20
5 5
4 4
13 13
1 1
7 7
12 12
11 9
18 18
13 28
2 2
5 5
24 24
28 10
37 104
18 18
17 17
13 13
1 1
12 12
18 99
19 19
7 7
10 10
4 71
4 45
8 79
21 12
2 2
3 3
33 1
18 18
41 13
37 37
1 17
21 21
18 18
5 5
11 6
23 23
17 17
5 5
7 7
12 12
17 17
23 23
1 1
4 9
3 3
4 5
2 14
5 5
36 36
3 3
1 1
11 4
12 31
7 7
32 32
31 31
14 14
26 29
29 29
5 26
24 24
28 28
1 2
2 2
2 103
5 59
22 103
7 7
21 21
24 113
3 3
20 20
13 28
4 4
18 18
10 52
18 18
10 52
22 22
7 7
34 28
1 17
2 4
7 9
21 21
8 8
11 30
7 7
38 38
5 46
6 24
3 3
16 103
5 89
18 18
41 13
37 37
6 6
38 38
1 2
14 2
18 18
23 48
14 47
14 14
6 6
32 32
21 59
14 14
13 46
8 45
8 8
23 23
2 2
8 8
13 13
1 33
2 14
6 6
12 12
8 69
13 58
1 1
2 23
6 6
12 71
8 8
13 23
1 79
2 23
6 93
12 71
18 18
15 40
6 24
12 71
18 18
15 15
4 4
2 105
18 105
37 37
28 28
22 18
37 37
32 32
23 23
2 4
24 24
40 40
22 22
7 7
21 21
17 17
13 13
1 1
12 12
4 4
28 28
8 8
4 4
18 18
34 34
4 4
8 8
3 3
2 45
18 99
19 112
7 85
11 11
23 23
17 18
5 47
7 81
12 71
11 4
23 23
17 59
5 59
7 7
12 71
36 36
3 89
7 107
14 14
6 24
5 3
1 16
36 36
3 107
7 107
14 14
6 59
5 45
1 45
6 6
28 28
8 8
36 36
3 3
7 7
14 14
6 6
5 13
1 16
4 4
3 3
4 4
2 2
5 5
4 4
3 3
4 4
2 14
5 46
36 36
3 29
7 7
14 22
6 24
5 13
1 1
36 36
3 6
7 107
14 14
6 6
5 15
1 1
22 22
40 40
17 17
22 22
15 15
22 47
5 45
27 8
7 7
34 28
4 4
11 11
28 89
6 6
3 3
4 4
2 2
4 4
22 18
26 26
1 20
4 4
24 24
12 12
2 2
11 4
12 12
7 107
4 4
38 38
1 1
14 14
31 31
6 5
7 7
41 41
8 8
7 85
3 15
22 22
4 4
18 40
41 41
37 37
7 7
3 3
4 4
1 4
2 20
21 21
4 4
2 2
36 36
3 71
1 5
36 36
12 12
8 79
11 4
21 21
4 4
4 4
17 17
15 38
7 81
2 2
13 28
33 17
32 32
31 31
36 37
3 71
1 3
1 17
6 6
13 28
1 1
37 37
25 28
7 7
14 14
5 46
7 9
15 21
27 8
9 4
7 7
15 15
27 8
9 4
11 4
3 3
33 33
27 27
5 5
11 4
3 3
33 33
27 27
5 28
27 27
41 41
14 14
1 1
10 10
2 2
7 32
10 10
16 16
3 3
1 1
11 4
3 3
1 1
7 7
5 13
1 2
14 2
7 32
10 10
16 20
3 3
1 1
11 4
3 3
1 1
7 7
5 5
1 2
14 2
7 10
10 3
16 16
3 3
1 1
11 4
3 3
1 1
7 7
5 2
1 2
14 2
36 36
3 3
1 1
7 9
3 3
4 4
1 1
7 7
41 41
8 8
4 30
17 17
15 15
7 1
2 8
13 38
33 17
2 8
21 21
4 4
2 2
8 79
24 24
10 10
5 3
2 4
31 31
6 5
11 4
21 21
4 4
32 32
31 31
7 9
3 3
22 22
4 4
11 78
12 29
7 107
40 6
6 7
18 18
23 23
14 2
8 79
13 46
17 83
5 19
1 85
18 18
41 41
8 45
8 79
13 83
17 83
5 89
1 85
4 4
22 18
12 12
8 8
11 78
7 47
38 89
5 69
32 69
5 47
7 113
25 25
7 7
39 46
1 105
8 8
13 46
17 17
4 4
22 99
12 71
8 79
17 113
26 59
1 1
2 14
6 6
12 69
18 18
41 28
37 104
40 40
6 105
11 11
23 23
17 83
5 59
7 71
12 71
27 79
39 46
7 7
7 7
25 25
32 32
10 10
22 2
7 6
21 71
11 11
23 23
17 59
5 59
7 7
12 71
29 78
13 46
33 33
11 22
6 6
15 59
1 1
14 14
4 103
28 46
6 6
12 71
7 81
39 49
1 85
7 7
3 3
4 4
1 59
8 79
13 13
17 17
11 11
12 31
7 19
32 32
4 4
17 17
15 15
7 7
10 10
4 11
32 32
28 28
8 79
12 12
10 10
4 103
32 32
28 28
8 8
12 12
10 10
4 9
32 32
28 46
8 79
12 12
4 4
3 3
4 4
2 2
5 5
2 2
12 12
36 36
5 5
7 1
25 38
6 24
38 38
1 17
14 14
32 32
10 10
8 8
26 26
7 7
14 14
34 34
8 8
11 4
11 4
18 69
13 69
2 2
5 5
11 4
18 18
13 69
2 2
5 5
6 6
38 38
1 1
14 14
18 6
13 69
2 2
5 5
1 1
10 10
4 4
2 2
5 59
17 17
12 12
2 36
29 29
5 26
8 8
26 19
7 81
32 32
21 21
14 14
28 28
27 8
8 6
13 6
1 1
2 36
6 6
12 12
8 8
13 13
1 1
2 36
6 6
12 12
14 14
8 8
26 19
7 7
27 27
41 5
14 14
7 20
14 14
6 6
27 27
41 5
14 14
6 6
28 89
33 113
6 6
28 28
33 6
27 45
41 45
14 45
11 11
13 13
1 1
18 18
19 19
12 12
4 4
8 27
26 26
7 7
4 4
8 27
26 26
7 19
4 4
8 27
26 26
7 113
18 18
41 41
8 8
4 4
28 28
6 6
12 12
27 27
39 15
7 89
27 27
39 15
7 7
27 27
39 15
7 25
2 36
6 6
12 12
40 47
14 14
6 6
10 10
17 114
26 83
1 83
11 11
7 7
38 38
5 6
11 11
28 48
6 6
3 15
4 4
2 2
11 11
28 28
6 59
3 3
4 4
2 2
14 14
34 28
8 8
14 14
34 28
8 8
6 6
28 28
33 17
7 1
17 17
38 38
4 4
27 79
6 46
34 34
11 11
34 34
17 83
5 46
32 69
15 15
1 1
32 32
19 19
4 4
32 32
19 19
4 4
32 32
21 21
14 14
13 46
8 8
8 8
13 13
1 1
2 2
6 6
12 12
8 8
13 46
1 1
2 2
6 6
12 12
18 18
15 26
6 6
12 12
23 23
22 79
7 19
40 2
6 2
18 6
6 6
15 15
8 79
11 103
5 13
4 4
2 2
18 6
6 6
15 15
8 8
11 103
5 28
4 4
2 2
23 23
22 22
7 112
23 23
22 69
7 107
8 8
21 21
8 8
24 24
28 28
37 37
18 18
10 52
17 17
13 13
1 1
12 69
24 24
40 40
24 24
3 3
1 17
24 24
3 3
1 1
8 8
7 7
34 34
4 4
17 17
21 21
2 2
2 2
6 6
12 12
27 22
7 7
34 28
4 4
7 17
3 3
4 4
1 85
1 1
25 25
9 9
31 62
6 59
2 2
13 13
33 1
7 17
21 21
8 45
11 11
12 29
7 7
11 11
12 31
7 89
2 2
25 46
15 15
7 107
18 99
25 10
2 2
4 4
12 12
15 15
7 7
18 18
25 10
37 37
25 25
7 7
14 27
5 5
11 103
3 3
33 33
27 27
5 48
15 55
7 7
18 99
25 25
6 6
13 28
1 1
7 7
15 15
27 8
9 4
2 4
25 10
1 1
10 10
4 103
2 105
5 59
17 17
12 12
2 36
29 29
5 26
1 17
10 10
4 4
2 2
5 59
17 17
12 71
2 36
29 29
5 26
17 17
26 85
1 20
1 17
25 21
30 11
23 15
33 33
8 8
29 71
5 7
17 17
23 23
1 1
2 36
12 12
36 36
5 28
1 17
21 21
18 18
5 46
1 17
21 21
18 46
5 48
27 45
41 45
14 27
4 4
38 38
1 2
14 14
18 18
41 41
8 27
11 103
12 62
7 78
7 81
3 59
22 22
4 4
1 20
25 25
9 9
11 4
12 75
7 25
37 32
25 55
7 105
14 14
5 47
11 4
21 63
4 4
7 78
41 59
8 79
2 69
11 11
12 12
2 18
15 15
7 5
18 105
25 53
1 17
15 47
8 79
32 69
1 78
24 24
5 41
14 9
29 29
5 26
7 101
10 21
8 8
4 103
13 89
17 17
17 113
15 15
7 5
18 47
7 85
15 47
27 8
9 4
18 18
23 23
8 45
37 78
25 55
7 85
14 105
5 5
34 48
17 46
27 79
41 105
14 2
17 113
19 48
1 105
3 3
33 45
27 27
41 59
14 14
17 113
19 48
1 105
3 59
33 2
17 17
10 10
1 1
21 21
17 20
3 3
9 9
17 17
10 10
1 1
21 63
17 17
3 3
9 9
17 17
10 10
1 1
21 63
17 105
3 3
9 9
1 17
10 10
4 103
2 107
5 5
17 17
12 71
2 18
29 29
5 63
1 17
10 52
4 103
2 46
5 5
17 17
12 71
2 14
29 29
5 3
27 79
41 59
14 14
1 1
10 10
2 2
18 18
23 23
14 2
32 69
31 62
29 29
5 113
34 48
6 46
24 24
5 71
14 69
29 32
5 41
7 81
10 10
8 8
4 103
13 46
17 17
17 113
19 48
14 14
26 6
29 31
5 81
24 24
28 28
1 16
2 45
2 20
5 47
22 22
7 7
21 63
24 24
3 5
20 103
13 52
4 9
14 14
26 6
29 31
5 107
24 107
28 28
1 2
2 2
2 20
5 85
22 105
7 101
21 63
24 24
3 5
20 103
13 5
4 4
14 105
26 71
29 31
5 113
24 107
28 28
1 106
2 20
2 47
5 46
22 105
7 9
21 21
24 24
3 5
20 103
13 48
4 4
14 18
26 71
29 31
5 107
24 113
28 46
1 45
2 2
2 47
5 105
22 22
7 7
21 63
24 24
3 3
20 103
13 48
4 4
14 14
13 46
8 8
6 113
13 48
1 45
6 6
13 48
1 1
2 32
37 4
25 89
7 85
14 14
5 47
32 32
40 40
11 11
12 12
2 45
18 18
13 28
2 2
5 5
18 18
6 6
15 47
14 14
14 105
28 89
27 8
32 69
19 19
4 103
11 4
26 26
14 14
4 4
8 79
26 112
7 85
18 18
13 69
2 2
5 5
8 8
41 59
8 8
37 37
26 85
37 37
39 49
2 45
18 18
10 52
17 17
13 13
1 14
12 71
18 18
15 15
4 4
2 59
24 24
3 62
1 101
27 79
25 55
7 81
11 11
13 48
1 45
10 52
4 81
32 69
28 89
8 8
12 12
10 52
4 46
32 69
28 89
8 8
12 71
10 52
4 3
4 5
8 79
21 63
2 2
3 59
33 105
18 99
19 112
7 85
22 22
15 15
2 45
29 78
13 46
33 17
1 85
21 63
18 105
5 49
11 4
23 23
17 113
5 59
7 81
12 12
36 36
3 89
7 105
14 14
6 59
5 5
1 45
36 36
3 89
7 41
14 103
6 59
5 47
1 105
36 36
3 59
7 107
14 103
6 47
5 46
1 45
17 17
23 23
1 1
4 4
3 3
4 4
2 2
5 5
2 2
6 6
12 12
2 3
12 12
36 36
5 47
36 36
3 89
7 105
14 14
6 59
5 46
1 45
17 113
19 89
14 34
3 5
9 9
39 47
2 47
11 11
19 19
8 8
7 81
41 59
8 2
4 4
17 17
15 15
7 5
4 81
38 48
1 85
14 105
11 11
28 48
6 78
3 15
4 4
2 2
7 81
3 59
22 22
4 4
1 78
25 25
9 19
2 69
21 63
4 78
2 78
15 15
7 71
18 105
18 18
23 23
8 8
15 15
7 71
18 18
25 25
11 11
12 12
2 46
32 32
18 18
23 23
8 45
1 1
10 10
4 103
2 46
5 1
17 18
12 12
2 2
29 71
5 26
17 17
10 52
1 1
21 21
17 1
3 3
9 9
24 89
5 105
14 14
29 14
5 26
7 81
10 21
8 8
4 11
13 46
17 17
35 35
26 85
4 5
24 24
5 41
14 14
29 29
5 41
7 81
10 21
8 8
4 103
13 46
17 1
35 35
26 12
4 9
32 69
31 63
29 78
5 107
34 108
6 46
4 4
28 89
11 103
2 8
27 27
41 59
14 14
1 4
10 4
2 32
17 17
10 10
1 1
21 34
17 1
3 15
9 59
17 17
10 10
1 1
21 63
17 113
3 59
9 9
17 17
10 52
1 85
21 63
17 1
3 3
9 9
24 24
5 58
14 14
29 29
5 3
7 20
10 21
8 8
4 103
13 13
17 17
17 99
19 48
29 29
13 46
33 45
7 7
13 13
16 16
2 18
12 12
36 36
5 47
1 20
21 21
18 18
5 49
36 15
12 3
8 79
7 7
38 55
14 14
36 36
3 59
1 1
32 32
31 31
6 46
4 4
17 113
15 15
7 5
4 4
1 20
25 25
9 103
32 32
31 31
36 35
3 3
1 3
27 27
41 105
14 20
18 89
10 52
18 101
10 93
11 11
28 89
6 6
3 15
4 4
2 2
40 2
6 2
6 6
10 10
2 2
7 7
32 32
14 14
34 28
8 8
32 32
5 15
7 81
25 47
18 18
27 27
41 5
14 14
32 32
14 14
13 28
8 8
17 17
38 38
4 104
4 4
8 46
26 112
7 7
8 8
23 23
2 2
22 22
3 75
27 5
18 18
15 15
4 4
2 2
8 8
23 23
22 2
17 17
13 13
1 1
12 12
24 78
40 40
18 18
17 59
26 26
1 1
32 32
27 27
41 5
14 14
14 14
6 6
8 8
14 14
17 17
12 12
2 2
7 9
3 3
8 45
7 81
21 21
8 8
11 4
7 7
38 38
5 46
2 4
6 6
12 12
