18 11
41 6
8 6
1 4
13 103
7 6
24 7
15 7
7 7
14 7
13 7
1 5
23 45
17 45
4 45
28 45
6 45
12 45
8 20
13 15
17 16
32 113
31 73
24 45
5 45
14 79
29 107
5 6
7 55
10 7
8 6
4 4
13 28
17 45
17 79
19 15
24 34
5 23
14 9
29 32
5 3
7 3
10 3
8 105
4 2
13 5
17 5
17 5
19 45
7 85
39 85
1 20
14 4
13 46
8 79
18 22
21 103
4 103
18 103
19 5
7 45
1 59
13 6
7 6
37 27
26 3
8 32
23 71
6 71
5 12
2 2
18 2
6 4
15 4
8 4
11 4
5 4
4 4
2 4
7 17
13 34
1 28
36 103
18 6
6 15
15 3
8 79
11 8
5 45
4 45
2 45
11 7
26 12
14 9
4 45
22 18
12 6
8 6
11 6
3 21
1 2
3 2
37 4
1 8
13 4
7 20
32 8
5 8
7 8
25 5
4 45
23 2
1 2
14 4
10 22
4 5
4 45
8 105
21 107
2 46
3 45
33 45
10 45
4 45
4 45
8 45
21 103
2 71
3 71
33 107
24 24
28 24
1 59
2 17
32 69
25 69
17 26
11 99
13 47
1 2
4 45
22 4
12 4
8 24
18 47
41 45
8 8
7 85
39 81
1 71
32 8
25 5
17 45
8 2
13 45
17 45
11 105
6 7
15 41
1 19
14 16
6 32
3 32
16 32
7 4
12 45
11 45
4 45
28 45
11 4
2 4
7 5
13 45
1 45
36 45
18 59
41 5
8 85
7 105
39 71
1 71
18 2
19 2
12 12
11 16
26 4
14 4
8 60
13 45
2 45
8 8
25 5
2 79
37 45
39 45
2 8
24 29
28 7
37 8
32 32
23 45
2 45
18 32
15 15
4 15
2 2
18 20
23 34
8 45
15 4
7 4
18 4
25 5
2 45
21 45
4 45
2 45
7 8
3 5
4 45
1 8
4 2
22 11
12 71
8 71
18 4
10 4
18 32
10 5
27 45
39 45
7 45
18 45
6 45
15 45
8 22
11 2
5 45
4 4
2 8
17 71
26 12
1 1
32 45
23 45
2 2
8 17
23 1
22 14
31 3
6 26
24 6
15 3
2 14
11 4
34 45
17 20
5 5
18 27
19 7
12 5
1 24
25 13
30 85
23 89
33 7
8 18
29 24
5 24
6 8
10 8
2 6
32 32
25 25
17 7
32 32
5 5
7 7
25 25
6 6
10 10
2 8
15 21
7 26
8 14
15 27
7 71
8 9
15 18
7 7
8 5
15 47
7 59
8 47
15 4
7 45
8 2
15 26
7 26
8 105
15 49
7 78
8 78
15 107
7 81
8 81
15 78
7 5
8 5
15 32
7 6
8 6
15 47
7 6
8 85
8 103
13 4
17 33
5 1
1 2
18 45
15 45
7 8
2 6
32 5
23 13
2 4
18 45
10 23
24 112
28 19
37 78
4 85
22 46
12 69
8 69
4 7
22 7
12 12
8 2
7 107
39 85
1 17
4 23
8 5
26 5
7 7
22 107
7 6
21 3
4 69
8 20
26 6
7 28
27 24
39 24
7 24
8 1
13 14
17 1
27 78
39 89
7 6
27 46
39 46
7 69
18 89
41 49
8 85
8 69
13 59
17 85
27 47
39 46
7 85
7 17
39 17
1 17
8 59
13 41
17 82
18 45
15 69
4 5
2 46
18 46
15 85
7 89
2 15
32 13
10 17
14 59
34 59
8 78
8 4
26 45
7 45
24 23
15 17
2 6
8 69
24 47
10 85
5 1
2 5
14 83
6 114
10 114
7 1
38 1
14 14
32 11
34 45
14 103
1 45
13 8
7 59
14 45
6 24
10 6
18 8
10 45
8 45
23 45
22 45
18 45
10 45
8 8
23 47
22 8
17 4
13 46
1 113
12 6
37 4
28 45
22 45
24 8
5 5
14 4
29 5
5 17
7 17
10 10
8 79
4 4
13 6
17 5
17 17
19 19
11 4
6 29
15 26
1 1
14 9
4 8
28 15
6 15
12 15
7 6
39 12
1 33
24 23
5 23
14 16
29 3
5 33
7 38
10 10
8 7
4 12
13 33
17 33
35 33
26 27
4 29
29 2
5 28
6 8
21 8
24 4
15 4
7 8
8 4
5 4
17 4
11 45
3 45
33 45
27 22
5 45
32 6
23 45
1 45
14 45
4 45
28 34
6 45
12 45
7 45
39 45
1 45
6 8
10 45
2 45
18 37
15 45
7 45
2 45
8 45
25 4
2 4
18 4
10 45
22 18
40 12
6 2
5 15
1 2
2 4
4 37
7 8
41 45
8 45
8 32
13 45
2 45
8 43
26 45
7 5
6 71
3 5
16 4
5 8
6 8
28 8
8 45
11 11
28 6
6 6
3 3
4 4
2 105
14 7
26 7
29 12
5 1
24 24
28 10
1 6
2 6
2 12
5 12
22 5
7 16
21 32
24 24
3 7
20 1
13 29
4 12
8 32
13 34
17 34
32 4
31 4
8 8
13 103
17 59
32 36
31 45
14 45
34 45
8 8
8 32
24 29
10 12
5 12
2 2
14 2
6 35
10 3
6 45
28 45
33 79
18 3
19 4
12 4
27 32
6 24
34 28
4 4
7 6
13 13
1 1
36 14
8 4
13 4
2 4
8 4
13 45
2 2
32 32
23 23
2 8
8 32
23 6
22 6
17 17
13 10
1 6
36 8
12 4
8 4
2 7
21 5
4 3
2 2
10 8
4 38
32 7
28 5
8 15
12 2
29 17
13 19
33 3
22 8
40 15
24 45
19 45
2 8
5 40
22 8
40 15
1 1
10 25
11 28
14 27
3 15
9 11
39 5
2 8
31 45
6 45
2 18
13 34
33 2
11 6
21 2
4 4
36 6
3 29
1 12
36 6
12 6
8 6
32 24
23 24
1 28
14 103
6 8
10 8
2 2
6 27
15 23
14 79
7 45
25 45
27 107
41 8
14 36
14 8
3 14
9 103
39 103
2 71
4 8
24 103
12 8
2 4
2 1
21 78
4 1
2 47
11 2
21 4
4 8
7 4
3 4
4 4
1 4
1 103
10 45
4 45
2 36
5 28
17 1
12 8
2 103
29 79
5 32
1 4
25 71
30 2
23 34
33 6
8 71
29 78
5 28
4 45
8 45
26 34
7 45
29 45
5 45
6 24
21 3
24 58
15 59
7 1
8 5
5 6
17 25
27 4
41 4
14 4
12 4
16 4
1 4
3 45
33 45
17 26
29 3
26 26
9 7
3 71
8 5
6 2
10 45
2 45
11 81
13 5
1 101
4 45
3 45
33 105
22 8
7 45
21 5
4 45
28 45
6 45
12 45
6 45
15 45
14 45
7 45
10 23
11 45
4 4
13 4
1 4
17 4
26 4
1 4
18 45
41 8
8 79
2 22
6 4
12 45
4 4
22 45
12 45
8 45
4 2
28 103
6 103
12 71
22 45
7 8
21 4
4 4
28 45
6 45
12 45
32 81
23 101
1 107
14 105
18 8
19 45
12 45
29 4
15 4
4 4
22 4
7 4
12 4
9 4
7 45
3 45
22 8
4 45
11 5
12 5
7 7
27 8
21 23
17 23
1 27
25 89
30 45
23 103
33 103
8 105
29 45
5 45
22 1
15 5
2 103
17 5
26 90
1 45
14 6
28 45
27 45
37 5
26 5
17 8
26 4
1 4
4 14
8 11
26 5
7 5
11 32
12 29
7 15
18 24
34 5
4 5
8 27
3 15
2 78
18 101
19 101
7 88
1 32
25 23
9 23
31 45
6 32
32 6
40 23
18 29
23 23
8 23
11 107
6 107
15 45
1 45
14 45
36 85
3 7
1 59
15 8
7 8
3 4
11 45
5 45
1 105
2 2
22 11
7 6
12 23
9 23
18 22
21 22
4 15
18 5
19 4
7 4
17 101
13 46
33 46
8 46
12 13
36 69
26 69
9 107
21 4
35 71
7 20
28 48
33 85
8 45
24 45
10 45
5 45
2 45
14 71
6 7
10 12
32 14
34 14
14 2
6 4
38 46
1 46
14 46
4 4
22 71
26 105
1 4
