24 45
5 45
14 14
29 6
5 31
7 24
10 10
8 8
4 4
13 13
17 5
17 17
4 4
8 27
12 21
4 4
8 27
4 45
8 27
24 113
3 12
1 85
24 113
3 31
1 17
24 113
3 12
1 85
24 83
3 71
1 88
2 14
13 28
33 17
32 32
31 40
32 32
2 8
13 28
33 6
27 79
41 28
14 11
12 12
16 8
1 8
3 2
33 45
27 79
41 28
14 14
12 12
16 26
1 24
3 21
33 33
24 85
5 78
14 85
29 19
5 71
7 7
10 10
8 22
4 37
13 13
17 83
17 83
4 9
22 27
12 3
8 22
11 4
3 3
1 1
3 3
37 4
24 107
15 7
7 41
14 27
13 13
1 1
27 5
41 5
14 17
17 46
19 6
1 6
3 3
33 33
7 69
10 21
16 7
3 3
1 16
11 16
3 3
1 17
7 22
5 5
1 33
14 20
14 114
26 26
29 113
5 113
24 113
28 13
1 85
2 105
2 14
5 29
22 12
7 78
21 31
24 107
3 107
20 105
13 13
4 1
24 45
5 45
14 45
29 114
5 29
7 107
4 45
28 5
11 107
2 32
8 79
24 107
10 55
5 71
2 105
24 24
15 89
2 85
6 89
28 89
6 89
8 69
24 108
10 52
5 71
2 45
14 69
6 59
3 59
33 19
8 6
4 37
28 89
8 45
4 45
37 78
28 46
22 45
8 81
25 46
2 45
18 15
15 6
4 6
2 6
8 59
23 46
22 79
11 69
26 45
14 69
14 79
6 59
3 81
33 107
8 107
32 45
19 107
4 89
14 105
6 108
10 85
2 7
7 81
6 78
38 48
1 81
14 81
27 69
41 1
14 27
18 46
24 78
40 49
18 99
15 59
7 89
2 45
18 107
19 112
7 107
27 79
21 59
17 89
18 83
21 3
18 99
12 107
36 103
3 81
7 101
14 103
6 59
5 85
1 81
36 36
10 52
7 78
14 78
6 113
15 12
14 27
8 22
13 23
17 17
29 107
13 107
33 79
8 79
7 108
34 107
4 37
17 17
21 3
2 69
4 105
22 114
26 81
1 107
32 4
25 28
17 17
4 69
24 107
12 7
2 8
4 4
24 89
12 71
2 81
32 69
31 59
4 103
38 55
1 7
14 8
7 6
10 10
2 45
6 89
28 28
8 27
22 7
7 7
34 23
1 5
2 1
7 81
38 49
14 6
14 113
6 46
10 10
4 4
28 28
11 4
2 4
32 113
34 10
14 27
6 47
10 10
2 8
14 46
6 46
10 10
11 11
34 46
17 17
37 37
12 12
22 85
6 6
3 46
16 113
5 46
37 4
26 26
18 45
15 45
7 45
2 2
18 45
15 45
7 45
2 103
10 25
4 9
32 32
28 28
8 8
12 3
10 9
4 9
32 32
28 41
8 8
12 12
24 24
41 29
17 12
5 26
1 1
36 32
3 15
7 7
14 8
6 23
5 85
1 1
36 5
3 5
7 6
14 2
6 23
5 5
1 85
36 8
3 6
7 15
14 15
6 6
5 6
1 23
36 29
3 5
7 19
14 22
6 23
5 2
1 2
36 8
10 21
7 7
14 45
14 4
3 4
9 4
24 59
19 79
2 8
5 48
7 7
3 12
8 45
11 30
19 7
8 8
32 32
25 25
17 83
22 59
7 15
21 21
2 7
17 17
38 38
4 11
6 47
10 10
2 16
8 32
23 40
2 45
37 11
12 12
22 45
37 29
12 12
22 45
8 59
24 81
10 82
5 79
2 103
4 4
8 27
26 26
7 7
4 4
8 79
26 26
7 7
32 32
23 3
1 1
14 8
32 32
40 32
14 2
26 29
29 29
5 13
24 24
28 15
1 1
2 79
2 103
5 5
22 7
7 7
21 21
24 26
3 31
20 22
13 19
4 4
11 4
12 12
2 45
2 2
37 37
25 19
7 7
14 2
5 5
1 45
15 69
8 113
18 18
41 6
37 4
40 40
6 46
6 6
3 6
16 34
5 28
7 47
10 21
2 33
22 6
7 6
34 48
1 85
2 1
6 79
3 46
16 32
5 46
4 71
3 3
33 26
6 47
10 10
2 2
11 11
12 31
7 28
36 22
3 26
1 7
11 6
21 21
36 2
12 12
8 8
7 6
38 25
14 105
4 9
24 6
3 31
17 17
22 105
34 8
2 2
12 12
8 8
24 46
10 52
5 12
2 2
10 10
4 4
4 2
8 8
21 21
2 36
3 71
33 33
18 27
23 39
14 105
8 103
41 5
8 8
8 45
13 45
2 2
18 18
6 6
15 46
8 8
11 11
5 10
4 4
2 4
11 11
6 6
15 15
1 85
14 14
11 37
28 34
6 6
3 103
4 4
2 4
8 27
13 34
17 1
2 27
6 5
12 5
6 20
28 28
8 45
18 27
41 34
37 37
7 24
10 10
2 9
6 27
3 3
16 2
5 5
7 24
38 38
14 14
4 4
21 10
27 27
41 6
14 3
7 7
38 38
14 107
32 32
34 34
14 6
8 79
24 24
10 21
5 19
2 2
6 7
38 38
1 7
14 5
6 17
10 10
2 45
27 6
41 25
14 9
8 6
24 6
10 34
5 6
2 8
18 89
19 19
12 12
8 24
24 24
10 10
5 38
2 15
8 107
26 89
7 19
6 6
10 21
2 2
14 14
28 38
27 22
8 14
23 10
1 1
14 14
12 12
18 18
41 5
8 8
14 3
6 9
3 5
33 79
8 8
11 20
26 5
14 20
18 9
6 29
15 3
14 45
37 37
28 28
22 45
8 18
13 28
17 17
5 13
1 5
18 2
15 15
4 4
2 4
40 15
6 3
7 24
12 3
11 9
11 59
6 59
15 59
1 59
14 5
18 81
6 6
15 21
14 45
29 78
13 13
33 81
36 37
12 71
8 45
1 78
25 107
9 14
32 103
31 59
8 8
24 24
10 13
5 6
2 59
11 2
3 2
2 103
17 113
29 71
26 78
9 101
3 101
8 114
17 83
29 71
26 26
9 7
3 3
8 8
22 32
34 28
2 36
12 71
2 8
13 23
33 25
32 32
25 38
17 5
7 6
39 13
1 25
4 11
21 46
6 7
10 6
2 6
18 107
19 85
12 2
27 6
39 71
4 5
28 19
6 101
12 3
4 2
8 27
26 26
7 107
6 24
15 71
14 69
32 2
25 19
17 1
7 10
39 5
1 5
2 14
6 71
12 78
4 11
23 34
1 17
14 14
6 45
28 45
8 8
7 45
10 45
2 2
6 6
3 6
16 6
5 2
4 103
22 45
12 45
8 46
7 89
25 89
8 8
24 6
10 10
5 25
2 2
6 28
28 7
33 2
14 59
15 12
2 103
6 24
15 17
14 18
15 3
2 36
4 2
24 24
3 15
17 17
4 103
24 6
3 15
17 6
17 4
29 5
26 5
9 4
3 5
8 45
4 37
28 19
6 6
12 103
37 14
28 19
22 45
37 103
11 45
3 2
2 4
37 36
28 46
22 45
37 103
25 6
7 19
14 79
5 60
11 71
12 12
2 22
18 85
10 78
18 69
10 69
7 2
15 5
27 5
9 45
11 4
12 4
7 4
4 11
8 27
26 26
7 7
4 103
38 19
1 25
14 16
11 85
3 1
33 1
27 79
5 26
18 6
6 6
15 12
14 14
15 12
2 2
11 11
12 12
2 105
1 25
10 25
4 15
2 2
5 5
17 17
12 12
2 36
29 5
5 5
14 8
6 6
3 3
33 12
8 45
8 2
41 41
8 79
7 23
13 13
1 1
36 14
4 4
8 24
26 19
7 7
18 45
6 6
15 6
8 4
11 11
5 13
4 4
2 4
8 32
13 28
2 45
6 6
10 21
2 2
7 6
38 40
14 16
14 11
6 7
10 28
6 24
38 40
1 6
14 6
8 22
26 85
7 107
4 4
8 79
26 112
7 7
27 107
41 107
14 45
36 36
12 3
8 45
31 114
6 81
11 45
6 113
15 3
1 1
14 45
18 113
19 19
12 3
6 17
15 12
14 1
6 113
15 75
14 45
27 27
39 5
7 41
4 4
28 6
6 5
12 1
23 34
17 25
4 103
28 107
6 112
12 12
7 12
12 3
11 16
11 30
7 7
38 38
5 85
2 22
6 6
4 4
23 23
1 7
14 45
4 11
13 23
1 17
6 79
28 89
8 105
8 107
26 107
7 45
18 18
6 4
10 13
2 45
8 113
24 108
10 10
5 2
2 8
18 6
18 18
15 21
7 107
2 2
18 18
15 34
4 4
2 71
37 6
28 28
22 45
8 45
25 105
2 8
7 71
3 103
4 4
1 85
36 59
3 55
1 2
2 2
13 85
33 1
18 113
19 19
12 71
4 4
17 83
15 62
7 25
32 6
10 6
14 2
28 7
27 45
8 22
13 89
1 14
2 79
6 6
12 12
8 22
23 23
2 1
11 11
12 29
7 19
14 5
32 83
25 14
17 17
6 17
10 29
2 31
4 4
8 79
26 19
7 7
11 11
6 24
15 3
1 1
14 14
6 113
4 4
8 19
26 19
7 7
27 27
39 107
7 107
36 35
12 12
8 45
7 114
41 114
8 45
7 45
3 45
22 22
4 4
7 18
3 3
4 4
1 4
2 32
21 21
4 4
2 8
18 32
15 71
6 71
12 71
11 2
6 47
15 47
1 25
14 101
37 37
39 5
2 8
24 59
40 28
4 4
22 22
12 12
8 2
37 37
39 28
2 8
37 37
28 81
22 69
18 59
41 89
8 85
7 6
39 6
1 17
11 45
6 69
15 24
1 26
14 45
4 69
22 45
12 45
8 6
32 34
5 15
7 85
25 7
4 4
8 103
26 107
7 26
32 69
25 46
17 46
6 47
10 6
2 6
6 14
15 1
14 14
32 69
5 71
7 59
25 59
6 24
10 113
2 107
4 4
8 8
26 114
7 114
27 59
39 49
7 25
4 69
28 47
6 85
12 85
37 45
39 45
2 11
18 6
10 25
24 69
28 69
37 104
8 6
25 59
2 59
32 8
23 2
2 2
18 18
19 5
12 7
37 17
28 69
22 5
6 24
38 13
1 1
14 69
4 4
8 27
26 26
7 7
18 59
23 34
14 1
6 83
28 48
33 17
4 2
28 9
11 4
2 105
4 4
8 8
26 26
7 7
11 11
6 6
15 15
1 3
14 14
6 24
15 12
14 12
32 32
25 39
17 7
32 32
5 31
7 6
25 7
6 89
10 71
2 45
4 6
12 12
24 24
15 25
2 16
8 89
24 110
10 52
5 71
2 105
6 113
28 46
33 81
8 6
26 26
7 7
37 37
28 23
22 45
6 24
15 12
14 45
18 81
15 3
4 4
2 45
24 113
28 28
37 37
32 32
23 34
2 8
8 2
25 25
2 5
4 37
28 55
6 103
12 12
32 16
23 11
2 4
18 20
15 3
4 5
2 45
8 8
25 13
2 11
11 4
6 24
15 3
1 26
14 26
4 4
21 59
4 37
28 28
6 13
12 5
27 3
39 9
7 7
6 24
10 69
2 9
11 32
6 24
15 15
1 1
14 85
11 11
3 71
2 105
18 4
15 4
4 4
2 4
18 18
15 3
7 3
2 16
27 79
41 41
14 14
12 12
16 103
1 7
3 12
33 3
27 79
41 24
14 6
12 12
16 11
1 7
3 29
33 26
27 27
41 24
14 6
12 12
16 11
1 7
3 29
33 6
4 107
22 24
12 21
8 8
11 11
3 15
1 1
3 3
37 4
7 82
10 15
16 9
3 3
1 12
11 32
3 31
1 33
7 32
5 23
1 1
14 14
11 11
12 12
2 8
18 45
23 8
8 8
18 18
28 23
14 14
12 12
15 59
7 17
18 18
25 10
37 37
26 6
4 36
28 46
6 101
12 12
17 17
13 13
1 85
12 71
1 1
21 3
18 18
5 19
4 81
38 23
1 1
14 85
11 6
12 21
7 28
4 4
38 49
1 1
14 14
36 103
12 21
8 4
6 47
38 38
1 71
14 27
18 32
15 40
6 6
12 25
6 6
38 10
1 26
14 27
32 6
25 38
17 9
11 11
6 6
15 15
1 26
14 27
4 36
8 8
26 25
7 7
27 11
41 6
14 6
17 6
19 15
1 7
3 21
33 33
4 103
22 18
12 71
8 27
11 4
3 49
1 6
3 39
37 4
4 4
22 11
12 3
8 8
11 32
3 15
1 7
3 15
37 103
6 6
10 21
2 2
18 22
23 23
14 59
27 8
41 41
14 101
14 79
6 103
3 71
33 33
8 8
24 6
28 4
37 4
4 37
28 28
8 8
4 103
24 101
40 5
37 37
26 6
2 8
13 23
33 33
1 45
25 8
9 5
1 17
21 12
18 99
5 89
7 7
13 13
16 113
1 85
25 38
9 9
6 46
13 23
1 1
6 6
10 52
2 45
4 35
8 27
26 26
7 101
8 23
13 13
17 17
11 103
7 7
38 59
5 25
32 32
14 79
6 6
4 4
28 13
11 16
2 45
7 7
8 47
13 13
1 1
2 27
6 6
12 3
4 37
28 46
6 7
12 71
18 22
6 6
15 15
14 105
18 105
6 6
15 21
14 14
18 22
13 7
2 22
5 32
24 24
28 34
37 4
37 32
4 30
24 6
3 15
17 26
24 89
41 19
17 7
5 7
1 21
18 1
21 15
18 27
12 19
17 8
22 4
7 15
21 21
2 4
36 5
12 12
8 33
36 78
3 31
1 59
18 24
28 7
14 7
12 5
18 45
28 45
14 20
12 20
32 103
25 59
17 47
22 113
7 6
34 23
1 6
2 47
11 11
34 13
17 17
5 5
8 8
26 25
7 107
6 6
28 55
33 1
17 79
38 4
4 4
8 2
13 46
17 17
32 8
31 31
27 32
6 6
34 34
4 4
8 36
13 23
17 85
32 22
31 31
8 103
13 28
17 1
32 2
31 3
1 85
10 15
4 14
2 2
5 23
17 17
12 12
2 2
29 29
5 107
37 11
28 46
22 14
18 18
8 8
23 23
22 105
8 20
7 7
34 34
4 11
17 17
21 62
2 2
17 83
29 29
26 26
9 103
3 3
8 8
8 79
24 24
10 46
5 6
2 45
4 4
8 27
26 28
7 7
32 8
25 38
17 1
36 36
12 3
8 79
36 103
3 31
1 1
2 8
13 23
33 17
2 8
13 23
33 17
31 31
6 34
2 22
13 23
33 17
22 22
40 44
6 6
5 6
1 6
2 23
4 5
24 9
3 12
1 82
4 4
24 24
3 15
17 1
17 17
29 29
26 26
9 4
3 3
8 8
4 4
3 12
33 33
18 17
21 21
18 14
12 25
8 8
13 23
17 1
7 7
12 12
11 30
40 6
6 23
4 4
8 79
26 25
7 107
24 6
15 15
2 2
14 7
34 28
8 47
6 6
28 25
33 83
6 7
10 10
2 27
6 7
10 10
2 14
7 29
8 8
13 23
17 16
7 7
10 10
11 9
18 18
41 28
37 30
14 8
6 6
11 11
6 6
15 40
1 7
14 5
8 8
26 25
7 7
24 6
15 15
2 45
6 6
28 15
33 82
32 32
15 31
1 12
11 11
34 38
17 7
5 16
27 8
6 6
34 5
4 2
32 8
19 19
4 4
11 11
12 12
7 7
14 4
24 6
8 8
23 5
22 45
24 6
28 13
37 37
18 18
15 38
7 85
2 27
37 2
17 17
26 5
16 11
12 12
4 4
8 8
4 4
3 12
33 33
27 27
39 39
6 20
15 5
14 6
8 35
23 23
2 45
4 4
8 79
26 26
7 89
6 113
28 89
33 112
8 69
26 55
7 7
4 89
28 89
6 6
12 71
17 24
29 29
26 3
9 103
3 15
8 2
6 20
13 34
1 1
6 20
13 34
1 20
14 17
13 14
8 27
8 69
7 17
34 6
4 6
17 69
21 15
2 59
