1 17
1 1
1 1
1 1
1 1
1 1
1 7
1 1
1 17
1 1
1 7
1 1
1 1
1 1
1 1
1 1
1 1
1 1
1 1
1 3
1 17
1 1
1 1
1 1
1 1
1 1
1 5
1 14
1 1
1 17
1 17
1 1
1 1
1 1
1 1
1 17
1 1
1 33
1 7
1 1
1 17
1 1
1 1
1 7
1 33
1 1
1 1
1 7
1 1
1 1
2 45
2 2
2 14
2 20
2 2
2 2
2 2
2 2
2 20
2 103
2 2
2 2
2 2
2 14
2 45
2 22
2 2
2 2
2 2
2 2
2 45
2 2
2 2
2 2
2 14
2 4
2 2
2 14
2 2
2 2
2 2
2 9
2 2
2 8
2 2
2 113
2 2
2 2
2 8
2 2
2 4
2 2
2 22
2 2
2 2
2 2
2 2
2 2
2 2
2 2
3 3
3 3
3 3
3 3
3 3
3 3
3 3
3 3
3 3
3 3
3 3
3 3
3 3
3 3
3 31
3 3
3 12
3 39
3 5
3 3
3 5
3 3
3 12
3 3
3 3
3 3
3 3
3 3
3 3
3 3
3 3
3 3
3 12
3 21
3 81
3 15
3 5
3 3
3 3
3 5
3 3
3 3
3 3
3 3
3 5
3 5
3 3
3 3
3 3
3 3
4 4
4 4
4 4
4 4
4 4
4 4
4 4
4 4
4 4
4 4
4 4
4 4
4 4
4 4
4 4
4 4
4 4
4 4
4 4
4 4
4 4
4 4
4 4
4 4
4 4
4 4
4 4
4 4
4 4
4 4
4 4
4 11
4 4
4 4
4 4
4 4
4 4
4 4
4 4
4 4
4 4
4 4
4 4
4 4
4 4
4 4
4 4
4 4
4 4
4 4
5 71
5 5
5 5
5 26
5 5
5 12
5 5
5 3
5 5
5 59
5 107
5 3
5 6
5 5
5 59
5 3
5 24
5 5
5 71
5 5
5 5
5 5
5 5
5 5
5 5
5 5
5 13
5 5
5 5
5 5
5 107
5 5
5 13
5 5
5 5
5 5
5 15
5 23
5 13
5 5
5 13
5 15
5 26
5 3
5 26
5 5
5 5
5 3
5 45
5 34
6 6
6 6
6 107
6 20
6 6
6 6
6 6
6 6
6 7
6 6
6 6
6 6
6 24
6 6
6 6
6 24
6 6
6 6
6 78
6 6
6 6
6 6
6 6
6 6
6 6
6 6
6 6
6 6
6 78
6 6
6 6
6 6
6 6
6 6
6 6
6 6
6 47
6 6
6 6
6 6
6 6
6 6
6 6
6 6
6 6
6 6
6 6
6 6
6 6
6 24
7 7
7 7
7 69
7 1
7 7
7 7
7 7
7 7
7 7
7 17
7 7
7 7
7 7
7 7
7 71
7 1
7 45
7 33
7 7
7 7
7 7
7 7
7 7
7 17
7 7
7 7
7 7
7 7
7 7
7 7
7 7
7 20
7 7
7 28
7 7
7 107
7 1
7 7
7 7
7 19
7 7
7 1
7 81
7 7
7 7
7 7
7 6
7 7
7 7
7 24
8 2
8 8
8 8
8 8
8 8
8 8
8 2
8 8
8 32
8 8
8 8
8 24
8 8
8 8
8 2
8 103
8 8
8 8
8 45
8 27
8 8
8 8
8 8
8 8
8 8
8 8
8 8
8 8
8 8
8 8
8 8
8 8
8 8
8 8
8 8
8 8
8 27
8 8
8 8
8 8
8 8
8 8
8 8
8 8
8 27
8 27
8 8
8 8
8 8
8 8
9 9
9 9
9 9
9 9
9 9
9 9
9 9
9 4
9 9
9 4
9 4
9 9
9 9
9 20
9 9
9 9
9 9
9 9
9 9
9 9
9 9
9 9
9 9
9 9
9 45
9 9
9 9
9 14
9 9
9 9
9 9
9 4
9 9
9 4
9 4
9 9
9 9
9 9
9 9
9 9
9 9
9 4
9 9
9 4
9 9
9 9
9 4
9 9
9 9
9 9
10 10
10 10
10 10
10 10
10 10
10 10
10 10
10 10
10 10
10 10
10 10
10 10
10 10
10 23
10 13
10 10
10 10
10 10
10 10
10 10
10 10
10 10
10 10
10 10
10 10
10 10
10 10
10 10
10 10
10 10
10 10
10 23
10 10
10 10
10 10
10 10
10 10
10 10
10 10
10 13
10 10
10 10
10 10
10 10
10 10
10 10
10 10
10 10
10 10
10 10
11 11
11 18
11 4
11 4
11 18
11 11
11 11
11 11
11 16
11 11
11 4
11 11
11 11
11 11
11 20
11 11
11 11
11 11
11 11
11 22
11 11
11 11
11 4
11 11
11 11
11 11
11 11
11 11
11 11
11 4
11 11
11 4
11 11
11 11
11 11
11 4
11 11
11 11
11 11
11 11
11 11
11 18
11 11
11 11
11 11
11 18
11 11
11 11
11 2
11 11
12 3
12 12
12 26
12 12
12 59
12 12
12 12
12 12
12 12
12 12
12 12
12 12
12 12
12 12
12 12
12 12
12 12
12 12
12 12
12 12
12 12
12 12
12 71
12 21
12 12
12 12
12 12
12 3
12 12
12 12
12 12
12 12
12 12
12 12
12 12
12 12
12 12
12 12
12 12
12 12
12 12
12 12
12 12
12 12
12 12
12 12
12 3
12 6
12 12
12 12
13 13
13 13
13 13
13 28
13 81
13 13
13 13
13 5
13 3
13 13
13 13
13 13
13 13
13 13
13 5
13 13
13 13
13 28
13 1
13 13
13 13
13 13
13 13
13 13
13 6
13 7
13 13
13 13
13 28
13 13
13 13
13 13
13 13
13 13
13 13
13 13
13 13
13 15
13 13
13 13
13 13
13 13
13 13
13 13
13 69
13 13
13 13
13 13
13 7
13 34
14 14
14 14
14 14
14 14
14 14
14 18
14 14
14 14
14 14
14 14
14 20
14 22
14 14
14 14
14 14
14 14
14 14
14 27
14 14
14 9
14 14
14 14
14 16
14 14
14 14
14 14
14 45
14 14
14 14
14 22
14 14
14 14
14 14
14 14
14 14
14 14
14 14
14 45
14 14
14 14
14 14
14 14
14 14
14 14
14 14
14 14
14 14
14 8
14 14
14 14
15 15
15 15
15 23
15 3
15 15
15 15
15 15
15 15
15 15
15 3
15 15
15 15
15 15
15 15
15 15
15 15
15 15
15 15
15 15
15 15
15 15
15 15
15 15
15 15
15 15
15 15
15 15
15 5
15 15
15 15
15 15
15 15
15 3
15 23
15 15
15 15
15 15
15 5
15 15
15 15
15 15
15 3
15 15
15 15
15 58
15 15
15 15
15 12
15 13
15 15
16 9
16 16
16 6
16 16
16 16
16 16
16 16
16 16
16 16
16 16
16 4
16 11
16 16
16 16
16 16
16 16
16 16
16 16
16 16
16 16
16 11
16 16
16 17
16 16
16 9
16 16
16 9
16 16
16 16
16 16
16 16
16 16
16 16
16 16
16 16
16 16
16 16
16 16
16 16
16 16
16 16
16 16
16 16
16 16
16 45
16 16
16 16
16 16
16 16
16 16
17 26
17 1
17 17
17 17
17 17
17 17
17 17
17 17
17 17
17 17
17 17
17 17
17 17
17 17
17 17
17 17
17 17
17 17
17 17
17 17
17 17
17 17
17 24
17 17
17 17
17 17
17 1
17 22
17 17
17 17
17 17
17 17
17 17
17 33
17 17
17 24
17 17
17 17
17 1
17 17
17 83
17 7
17 17
17 17
17 1
17 33
17 17
17 17
17 17
17 17
18 18
18 105
18 18
18 18
18 18
18 45
18 18
18 18
18 18
18 18
18 18
18 18
18 18
18 18
18 18
18 18
18 79
18 18
18 18
18 18
18 18
18 18
18 18
18 18
18 18
18 18
18 18
18 18
18 18
18 18
18 18
18 18
18 18
18 2
18 18
18 18
18 18
18 18
18 18
18 18
18 18
18 18
18 20
18 18
18 18
18 18
18 18
18 18
18 18
18 18
19 19
19 19
19 19
19 28
19 19
19 19
19 19
19 19
19 19
19 19
19 19
19 19
19 19
19 19
19 19
19 19
19 19
19 19
19 19
19 19
19 19
19 19
19 19
19 24
19 19
19 19
19 7
19 19
19 19
19 19
19 19
19 5
19 19
19 20
19 19
19 13
19 19
19 19
19 19
19 19
19 19
19 19
19 26
19 28
19 89
19 19
19 13
19 19
19 19
19 19
20 2
20 20
20 20
20 20
20 14
20 20
20 20
20 20
20 14
20 20
20 20
20 14
20 14
20 20
20 20
20 20
20 20
20 18
20 20
20 20
20 20
20 20
20 20
20 20
20 9
20 9
20 9
20 59
20 18
20 20
20 20
20 20
20 18
20 20
20 20
20 20
20 20
20 22
20 20
20 14
20 9
20 20
20 20
20 18
20 18
20 20
20 14
20 20
20 20
20 20
21 21
21 21
21 21
21 21
21 21
21 21
21 21
21 25
21 15
21 21
21 21
21 21
21 21
21 21
21 21
21 21
21 21
21 21
21 21
21 21
21 21
21 21
21 15
21 21
21 21
21 21
21 21
21 21
21 21
21 21
21 21
21 3
21 21
21 21
21 21
21 38
21 21
21 21
21 21
21 21
21 21
21 21
21 21
21 21
21 21
21 21
21 21
21 21
21 3
21 21
22 22
22 22
22 8
22 22
22 18
22 22
22 22
22 22
22 22
22 22
22 18
22 2
22 18
22 22
22 22
22 22
22 22
22 18
22 22
22 22
22 2
22 22
22 22
22 22
22 2
22 22
22 22
22 22
22 22
22 22
22 2
22 22
22 22
22 22
22 22
22 22
22 22
22 2
22 45
22 22
22 22
22 22
22 18
22 22
22 22
22 22
22 22
22 22
22 22
22 22
23 23
23 23
23 23
23 23
23 23
23 13
23 23
23 23
23 15
23 3
23 23
23 47
23 23
23 6
23 23
23 23
23 23
23 23
23 23
23 23
23 23
23 23
23 15
23 23
23 23
23 23
23 23
23 23
23 23
23 23
23 23
23 23
23 23
23 15
23 23
23 23
23 23
23 23
23 23
23 46
23 23
23 23
23 23
23 13
23 23
23 13
23 23
23 13
23 23
23 23
24 24
24 24
24 24
24 24
24 24
24 24
24 24
24 24
24 24
24 24
24 24
24 24
24 24
24 24
24 24
24 24
24 24
24 24
24 24
24 24
24 24
24 24
24 24
24 24
24 24
24 17
24 24
24 24
24 24
24 24
24 24
24 24
24 24
24 24
24 24
24 24
24 6
24 24
24 24
24 24
24 24
24 24
24 24
24 24
24 24
24 24
24 24
24 24
24 24
24 24
25 25
25 25
25 25
25 25
25 5
25 25
25 25
25 25
25 25
25 25
25 25
25 25
25 25
25 25
25 25
25 25
25 25
25 25
25 25
25 25
25 25
25 25
25 25
25 10
25 21
25 25
25 25
25 25
25 25
25 25
25 25
25 25
25 25
25 15
25 25
25 26
25 25
25 25
25 25
25 6
25 25
25 25
25 25
25 21
25 25
25 6
25 25
25 5
25 25
25 25
26 26
26 26
26 26
26 26
26 1
26 26
26 26
26 26
26 26
26 26
26 26
26 26
26 26
26 26
26 26
26 1
26 26
26 26
26 26
26 26
26 6
26 26
26 71
26 26
26 26
26 26
26 26
26 3
26 26
26 26
26 26
26 12
26 26
26 26
26 26
26 26
26 26
26 26
26 26
26 26
26 26
26 12
26 26
26 7
26 26
26 26
26 26
26 3
26 12
26 26
27 27
27 27
27 27
27 27
27 27
27 27
27 27
27 27
27 27
27 27
27 27
27 18
27 27
27 27
27 8
27 27
27 27
27 27
27 27
27 8
27 27
27 27
27 27
27 27
27 27
27 14
27 8
27 27
27 27
27 45
27 27
27 27
27 27
27 27
27 27
27 20
27 27
27 20
27 27
27 27
27 14
27 2
27 8
27 27
27 27
27 27
27 27
27 27
27 2
27 14
28 34
28 28
28 28
28 15
28 28
28 13
28 28
28 28
28 28
28 28
28 28
28 28
28 28
28 13
28 28
28 15
28 28
28 28
28 6
28 28
28 28
28 10
28 28
28 28
28 28
28 28
28 28
28 28
28 13
28 19
28 19
28 28
28 28
28 28
28 28
28 28
28 13
28 28
28 6
28 13
28 28
28 28
28 28
28 28
28 28
28 28
28 28
28 13
28 28
28 28
29 29
29 29
29 29
29 6
29 29
29 5
29 29
29 29
29 29
29 29
29 29
29 29
29 29
29 29
29 12
29 6
29 29
29 29
29 29
29 29
29 29
29 29
29 29
29 29
29 29
29 29
29 29
29 29
29 29
29 29
29 29
29 29
29 71
29 29
29 29
29 29
29 12
29 29
29 18
29 29
29 29
29 29
29 29
29 29
29 29
29 29
29 29
29 29
29 29
29 29
30 4
30 30
30 30
30 30
30 30
30 4
30 30
30 30
30 30
30 9
30 14
30 4
30 2
30 4
30 30
30 4
30 30
30 4
30 30
30 30
30 16
30 11
30 16
30 9
30 6
30 30
30 4
30 11
30 30
30 30
30 30
30 30
30 4
30 30
30 30
30 9
30 30
30 9
30 30
30 30
30 101
30 9
30 30
30 30
30 11
30 4
30 30
30 30
30 4
30 30
31 45
31 31
31 31
31 31
31 31
31 31
31 31
31 31
31 31
31 31
31 29
31 31
31 3
31 12
31 31
31 3
31 31
31 31
31 12
31 31
31 31
31 31
31 31
31 31
31 31
31 31
31 12
31 31
31 31
31 31
31 31
31 31
31 31
31 31
31 59
31 31
31 31
31 31
31 31
31 31
31 31
31 31
31 31
31 31
31 31
31 31
31 31
31 31
31 31
31 31
32 32
32 32
32 32
32 32
32 32
32 32
32 32
32 32
32 32
32 9
32 32
32 32
32 32
32 32
32 32
32 32
32 32
32 32
32 32
32 32
32 32
32 32
32 32
32 32
32 32
32 32
32 4
32 32
32 32
32 32
32 32
32 32
32 32
32 32
32 32
32 32
32 32
32 32
32 32
32 32
32 32
32 32
32 32
32 32
32 32
32 8
32 32
32 32
32 32
32 32
33 1
33 33
33 1
33 33
33 33
33 33
33 5
33 33
33 33
33 33
33 33
33 33
33 33
33 33
33 33
33 33
33 33
33 33
33 33
33 17
33 33
33 33
33 17
33 33
33 33
33 33
33 33
33 1
33 33
33 33
33 33
33 33
33 33
33 33
33 33
33 33
33 33
33 33
33 7
33 1
33 29
33 1
33 1
33 1
33 26
33 1
33 33
33 33
33 33
33 33
34 34
34 34
34 6
34 34
34 34
34 34
34 34
34 34
34 6
34 34
34 34
34 34
34 28
34 13
34 34
34 34
34 34
34 23
34 34
34 34
34 34
34 34
34 13
34 34
34 34
34 34
34 5
34 28
34 34
34 34
34 34
34 6
34 34
34 34
34 34
34 26
34 5
34 34
34 34
34 34
34 34
34 34
34 28
34 34
34 34
34 34
34 34
34 34
34 34
34 34
35 35
35 9
35 35
35 35
35 35
35 4
35 35
35 35
35 35
35 35
35 35
35 35
35 9
35 2
35 36
35 35
35 35
35 35
35 35
35 35
35 35
35 9
35 35
35 35
35 35
35 35
35 14
35 35
35 35
35 35
35 35
35 35
35 4
35 2
35 35
35 35
35 2
35 9
35 35
35 35
35 14
35 35
35 14
35 35
35 35
35 35
35 35
35 35
35 35
35 35
36 2
36 2
36 2
36 36
36 2
36 36
36 36
36 36
36 36
36 36
36 36
36 2
36 2
36 37
36 2
36 2
36 36
36 36
36 36
36 36
36 36
36 37
36 36
36 36
36 36
36 36
36 36
36 36
36 36
36 36
36 2
36 36
36 36
36 36
36 36
36 2
36 36
36 36
36 36
36 36
36 37
36 2
36 36
36 36
36 36
36 36
36 36
36 36
36 37
36 36
37 37
37 37
37 4
37 37
37 37
37 37
37 37
37 4
37 37
37 37
37 4
37 37
37 37
37 37
37 37
37 36
37 37
37 37
37 37
37 37
37 37
37 37
37 4
37 37
37 37
37 37
37 37
37 11
37 37
37 37
37 4
37 37
37 4
37 37
37 37
37 37
37 37
37 4
37 37
37 37
37 37
37 37
37 37
37 37
37 37
37 36
37 37
37 37
37 37
37 37
38 38
38 38
38 38
38 38
38 38
38 38
38 38
38 38
38 23
38 38
38 38
38 38
38 38
38 38
38 38
38 23
38 38
38 23
38 38
38 38
38 38
38 38
38 38
38 23
38 38
38 13
38 34
38 23
38 38
38 38
38 38
38 38
38 23
38 38
38 25
38 38
38 23
38 38
38 38
38 23
38 38
38 38
38 24
38 38
38 34
38 38
38 38
38 38
38 38
38 38
39 39
39 5
39 5
39 39
39 39
39 39
39 23
39 15
39 13
39 13
39 39
39 5
39 39
39 7
39 15
39 5
39 15
39 39
39 5
39 39
39 15
39 39
39 23
39 5
39 5
39 39
39 39
39 39
39 39
39 39
39 15
39 39
39 39
39 39
39 5
39 39
39 39
39 34
39 3
39 10
39 39
39 39
39 15
39 39
39 25
39 39
39 39
39 13
39 5
39 39
40 40
40 40
40 40
40 21
40 15
40 40
40 5
40 40
40 40
40 40
40 40
40 5
40 15
40 15
40 15
40 15
40 40
40 40
40 40
40 40
40 5
40 40
40 40
40 40
40 5
40 15
40 40
40 40
40 40
40 40
40 45
40 15
40 40
40 40
40 5
40 41
40 40
40 40
40 15
40 15
40 19
40 40
40 40
40 21
40 40
40 5
40 15
40 21
40 5
40 40
41 41
41 41
41 5
41 26
41 41
41 24
41 5
41 41
41 41
41 5
41 5
41 41
41 5
41 41
41 41
41 41
41 41
41 41
41 3
41 41
41 41
41 5
41 25
41 3
41 45
41 41
41 5
41 41
41 5
41 5
41 41
41 5
41 5
41 5
41 41
41 41
41 41
41 5
41 5
41 5
41 41
41 41
41 5
41 41
41 41
41 13
41 19
41 41
41 13
41 41
42 42
42 42
42 42
42 42
42 42
42 42
42 42
42 42
42 42
42 19
42 42
42 42
42 3
42 42
42 42
42 42
42 42
42 19
42 42
42 42
42 42
42 42
42 42
42 42
42 10
42 42
42 10
42 28
42 42
42 10
42 42
42 42
42 42
42 42
42 42
42 42
42 42
42 42
42 42
42 24
42 42
42 19
42 42
42 89
42 42
42 42
42 10
42 42
42 24
42 42
43 37
43 32
43 43
43 69
43 9
43 43
43 9
43 37
43 9
43 43
43 43
43 43
43 37
43 43
43 37
43 9
43 43
43 43
43 43
43 43
43 37
43 43
43 43
43 9
43 9
43 9
43 9
43 43
43 9
43 43
43 43
43 9
43 4
43 35
43 43
43 37
43 9
43 43
43 43
43 43
43 9
43 31
43 9
43 43
43 37
43 43
43 37
43 43
43 37
43 43
44 44
44 5
44 19
44 44
44 44
44 5
44 44
44 19
44 19
44 19
44 19
44 19
44 26
44 19
44 6
44 44
44 19
44 45
44 19
44 44
44 19
44 44
44 6
44 19
44 44
44 19
44 19
44 19
44 44
44 44
44 89
44 6
44 44
44 6
44 44
44 44
44 19
44 19
44 6
44 44
44 31
44 44
44 44
44 19
44 44
44 44
44 93
44 44
44 19
44 5
45 45
45 45
45 45
45 45
45 45
45 45
45 45
45 45
45 45
45 45
45 45
45 45
45 4
45 45
45 45
45 45
45 45
45 45
45 45
45 45
45 5
45 45
45 45
45 45
45 45
45 45
45 45
45 45
45 45
45 45
45 45
45 45
45 45
45 4
45 45
45 45
45 105
45 45
45 45
45 45
45 45
45 45
45 4
45 45
45 45
45 45
45 45
45 45
45 45
45 2
46 46
46 46
46 46
46 46
46 46
46 46
46 89
46 46
46 89
46 89
46 46
46 47
46 46
46 46
46 46
46 46
46 48
46 46
46 46
46 47
46 46
46 46
46 46
46 46
46 46
46 46
46 46
46 46
46 46
46 46
46 46
46 46
46 46
46 46
46 46
46 48
46 47
46 46
46 47
46 46
46 47
46 46
46 46
46 46
46 46
46 46
46 46
46 46
46 46
46 48
47 59
47 47
47 47
47 47
47 47
47 47
47 59
47 47
47 47
47 47
47 47
47 47
47 47
47 47
47 59
47 59
47 47
47 47
47 47
47 47
47 47
47 47
47 47
47 59
47 47
47 59
47 47
47 47
47 47
47 47
47 59
47 47
47 47
47 47
47 114
47 47
47 47
47 46
47 46
47 47
47 47
47 46
47 47
47 48
47 47
47 47
47 47
47 47
47 47
47 47
48 48
48 48
48 48
48 48
48 48
48 48
48 48
48 48
48 48
48 89
48 48
48 48
48 48
48 48
48 48
48 48
48 46
48 48
48 49
48 48
48 48
48 46
48 48
48 48
48 46
48 48
48 48
48 48
48 89
48 48
48 48
48 48
48 48
48 48
48 48
48 48
48 48
48 48
48 48
48 48
48 48
48 48
48 48
48 48
48 48
48 48
48 48
48 46
48 48
48 89
49 49
49 49
49 49
49 49
49 49
49 49
49 47
49 49
49 47
49 47
49 49
49 49
49 49
49 49
49 49
49 49
49 47
49 47
49 49
49 49
49 49
49 49
49 49
49 49
49 49
49 49
49 49
49 49
49 49
49 49
49 49
49 49
49 47
49 5
49 59
49 49
49 49
49 49
49 49
49 49
49 49
49 49
49 49
49 49
49 49
49 49
49 49
49 49
49 49
49 49
52 52
52 52
52 52
52 52
52 52
52 52
52 52
52 52
52 52
52 59
52 52
52 52
52 52
52 52
52 52
52 59
52 52
52 52
52 52
52 52
52 52
52 52
52 52
52 52
52 52
52 52
52 52
52 52
52 52
52 52
52 52
52 52
52 93
52 52
52 52
52 52
52 52
52 52
52 52
52 52
52 52
52 52
52 52
52 52
52 52
52 52
52 52
52 52
52 52
52 52
53 53
53 53
53 53
53 52
53 49
53 53
53 53
53 53
53 52
53 53
53 52
53 53
53 52
53 53
53 53
53 52
53 93
53 53
53 53
53 52
53 52
53 93
53 53
53 53
53 52
53 52
53 53
53 53
53 53
53 52
53 52
53 53
53 53
53 53
53 53
53 53
53 52
53 53
53 53
53 53
53 53
53 52
53 53
53 53
53 53
53 53
53 47
53 52
53 52
53 53
55 55
55 55
55 55
55 55
55 55
55 55
55 55
55 55
55 55
55 55
55 55
55 55
55 55
55 55
55 55
55 55
55 55
55 55
55 55
55 46
55 55
55 55
55 38
55 55
55 46
55 55
55 55
55 55
55 55
55 55
55 55
55 55
55 38
55 55
55 55
55 55
55 55
55 55
55 55
55 55
55 55
55 55
55 55
55 55
55 55
55 55
55 55
55 55
55 55
55 55
56 52
56 49
56 15
56 55
56 49
56 49
56 47
56 52
56 47
56 93
56 47
56 49
56 47
56 47
56 47
56 52
56 48
56 49
56 47
56 63
56 52
56 49
56 52
56 47
56 47
56 47
56 55
56 59
56 49
56 47
56 52
56 49
56 49
56 93
56 47
56 48
56 47
56 47
56 47
56 47
56 56
56 48
56 49
56 47
56 47
56 52
56 47
56 47
56 49
56 47
57 113
57 99
57 45
57 5
57 99
57 18
57 113
57 113
57 113
57 113
57 113
57 18
57 113
57 113
57 113
57 99
57 113
57 113
57 99
57 99
57 99
57 99
57 113
57 105
57 113
57 18
57 113
57 113
57 113
57 113
57 6
57 99
57 46
57 99
57 99
57 7
57 99
57 99
57 113
57 7
57 113
57 113
57 99
57 113
57 99
57 99
57 99
57 113
57 113
57 99
58 58
58 58
58 58
58 81
58 58
58 58
58 58
58 58
58 58
58 101
58 58
58 58
58 58
58 58
58 58
58 58
58 58
58 58
58 58
58 58
58 58
58 58
58 58
58 58
58 58
58 58
58 58
58 58
58 58
58 58
58 58
58 58
58 58
58 58
58 58
58 58
58 58
58 58
58 58
58 58
58 58
58 58
58 58
58 58
58 58
58 58
58 58
58 58
58 58
58 58
59 59
59 59
59 47
59 59
59 59
59 59
59 59
59 47
59 59
59 59
59 59
59 59
59 59
59 59
59 59
59 59
59 59
59 59
59 59
59 59
59 59
59 59
59 59
59 59
59 59
59 59
59 59
59 47
59 59
59 59
59 59
59 59
59 59
59 59
59 59
59 59
59 59
59 59
59 107
59 47
59 59
59 59
59 59
59 59
59 59
59 59
59 59
59 59
59 59
59 59
60 60
60 60
60 60
60 60
60 47
60 60
60 47
60 47
60 60
60 60
60 49
60 47
60 60
60 60
60 60
60 49
60 60
60 60
60 60
60 46
60 60
60 46
60 60
60 60
60 60
60 60
60 60
60 60
60 46
60 60
60 60
60 49
60 60
60 60
60 60
60 49
60 60
60 60
60 46
60 60
60 46
60 60
60 46
60 60
60 60
60 60
60 60
60 49
60 46
60 60
61 49
61 49
61 49
61 49
61 47
61 47
61 49
61 47
61 49
61 47
61 47
61 73
61 49
61 49
61 59
61 59
61 49
61 47
61 59
61 47
61 59
61 59
61 49
61 47
61 59
61 59
61 49
61 47
61 47
61 47
61 49
61 49
61 59
61 59
61 59
61 47
61 60
61 49
61 62
61 49
61 59
61 59
61 47
61 49
61 59
61 47
61 47
61 49
61 60
61 49
62 59
62 62
62 62
62 62
62 59
62 62
62 62
62 59
62 62
62 62
62 78
62 62
62 59
62 62
62 62
62 62
62 62
62 59
62 62
62 59
62 59
62 62
62 62
62 62
62 62
62 62
62 62
62 62
62 59
62 62
62 59
62 62
62 62
62 59
62 62
62 62
62 59
62 59
62 59
62 62
62 59
62 47
62 62
62 59
62 59
62 47
62 59
62 46
62 62
62 59
63 63
63 114
63 63
63 63
63 63
63 59
63 63
63 81
63 59
63 63
63 63
63 63
63 59
63 93
63 63
63 63
63 59
63 63
63 63
63 63
63 63
63 63
63 63
63 63
63 63
63 63
63 63
63 63
63 59
63 71
63 63
63 63
63 63
63 63
63 59
63 59
63 63
63 63
63 63
63 63
63 63
63 59
63 63
63 63
63 63
63 63
63 63
63 63
63 59
63 63
65 59
65 59
65 107
65 107
65 65
65 59
65 65
65 65
65 107
65 65
65 65
65 65
65 89
65 65
65 65
65 65
65 59
65 89
65 89
65 65
65 15
65 15
65 59
65 114
65 65
65 59
65 59
65 65
65 114
65 71
65 114
65 89
65 89
65 89
65 65
65 59
65 3
65 107
65 65
65 107
65 89
65 65
65 47
65 89
65 65
65 59
65 65
65 65
65 65
65 65
66 114
66 63
66 63
66 114
66 63
66 63
66 59
66 63
66 49
66 15
66 114
66 59
66 56
66 47
66 59
66 63
66 47
66 63
66 63
66 3
66 63
66 63
66 59
66 59
66 59
66 59
66 59
66 59
66 59
66 114
66 63
66 63
66 59
66 63
66 63
66 63
66 62
66 63
66 59
66 59
66 63
66 63
66 63
66 59
66 93
66 47
66 59
66 114
66 59
66 59
67 18
67 9
67 16
67 11
67 105
67 16
67 67
67 11
67 11
67 103
67 107
67 103
67 11
67 103
67 103
67 107
67 103
67 103
67 103
67 99
67 103
67 113
67 16
67 11
67 11
67 11
67 11
67 103
67 113
67 16
67 103
67 11
67 103
67 30
67 103
67 11
67 11
67 11
67 103
67 103
67 103
67 11
67 113
67 11
67 103
67 103
67 103
67 11
67 103
67 11
68 58
68 79
68 79
68 79
68 79
68 79
68 79
68 113
68 113
68 79
68 79
68 79
68 79
68 27
68 79
68 79
68 79
68 79
68 79
68 79
68 79
68 79
68 79
68 79
68 27
68 79
68 105
68 79
68 79
68 79
68 79
68 79
68 79
68 113
68 79
68 79
68 79
68 79
68 113
68 79
68 79
68 113
68 79
68 79
68 79
68 79
68 79
68 79
68 79
68 79
69 107
69 103
69 69
69 69
69 69
69 69
69 69
69 69
69 69
69 69
69 69
69 83
69 69
69 69
69 69
69 69
69 69
69 69
69 69
69 69
69 69
69 69
69 69
69 69
69 69
69 69
69 69
69 69
69 69
69 69
69 69
69 69
69 69
69 69
69 69
69 69
69 69
69 69
69 69
69 69
69 69
69 69
69 69
69 69
69 69
69 69
69 69
69 69
69 69
69 69
71 71
71 78
71 71
71 71
71 71
71 71
71 71
71 71
71 71
71 71
71 71
71 71
71 71
71 71
71 71
71 71
71 71
71 71
71 59
71 71
71 71
71 71
71 71
71 114
71 71
71 71
71 71
71 71
71 71
71 71
71 71
71 71
71 71
71 71
71 71
71 71
71 71
71 71
71 71
71 71
71 71
71 71
71 78
71 71
71 114
71 71
71 71
71 71
71 71
71 71
72 73
72 72
72 89
72 74
72 78
72 73
72 71
72 72
72 73
72 59
72 72
72 73
72 72
72 71
72 72
72 73
72 59
72 46
72 72
72 72
72 72
72 72
72 59
72 78
72 46
72 72
72 73
72 78
72 71
72 78
72 74
72 72
72 78
72 72
72 72
72 73
72 73
72 73
72 46
72 78
72 73
72 72
72 72
72 71
72 59
72 73
72 78
72 72
72 74
72 73
73 73
73 73
73 73
73 59
73 73
73 73
73 71
73 73
73 73
73 73
73 73
73 49
73 73
73 73
73 73
73 47
73 59
73 73
73 73
73 59
73 73
73 73
73 73
73 73
73 29
73 73
73 73
73 73
73 71
73 73
73 73
73 73
73 73
73 46
73 47
73 71
73 59
73 73
73 59
73 73
73 73
73 73
73 73
73 73
73 73
73 73
73 73
73 73
73 78
73 73
74 59
74 74
74 59
74 73
74 74
74 74
74 74
74 74
74 74
74 74
74 74
74 78
74 74
74 59
74 59
74 59
74 74
74 59
74 71
74 73
74 74
74 59
74 74
74 74
74 59
74 74
74 74
74 74
74 74
74 74
74 74
74 74
74 71
74 73
74 71
74 74
74 71
74 74
74 74
74 74
74 74
74 71
74 74
74 74
74 74
74 74
74 74
74 74
74 74
74 74
75 75
75 71
75 75
75 75
75 75
75 75
75 75
75 71
75 75
75 71
75 75
75 71
75 75
75 75
75 75
75 75
75 75
75 75
75 75
75 75
75 75
75 75
75 71
75 75
75 71
75 75
75 71
75 75
75 75
75 75
75 75
75 75
75 75
75 71
75 75
75 75
75 75
75 78
75 71
75 71
75 71
75 71
75 75
75 75
75 75
75 75
75 75
75 75
75 71
75 75
76 78
76 89
76 107
76 89
76 107
76 89
76 78
76 89
76 114
76 89
76 89
76 71
76 107
76 78
76 89
76 78
76 89
76 29
76 71
76 89
76 89
76 46
76 78
76 71
76 107
76 29
76 78
76 71
76 89
76 78
76 89
76 72
76 89
76 107
76 71
76 78
76 78
76 89
76 59
76 89
76 46
76 78
76 89
76 107
76 89
76 73
76 59
76 78
76 78
76 78
78 78
78 78
78 78
78 78
78 78
78 78
78 78
78 78
78 78
78 78
78 78
78 29
78 78
78 78
78 78
78 78
78 78
78 78
78 78
78 78
78 78
78 78
78 78
78 78
78 78
78 78
78 78
78 78
78 78
78 78
78 78
78 78
78 78
78 78
78 78
78 78
78 78
78 78
78 78
78 78
78 78
78 78
78 78
78 7
78 78
78 78
78 78
78 78
78 78
78 78
79 79
79 79
79 79
79 79
79 79
79 79
79 79
79 79
79 85
79 99
79 79
79 79
79 79
79 79
79 79
79 79
79 79
79 79
79 79
79 79
79 79
79 79
79 79
79 79
79 79
79 79
79 79
79 79
79 79
79 79
79 79
79 79
79 79
79 79
79 79
79 79
79 79
79 79
79 79
79 79
79 79
79 79
79 79
79 79
79 79
79 79
79 99
79 79
79 79
79 79
80 80
80 79
80 79
80 80
80 80
80 79
80 80
80 80
80 79
80 79
80 79
80 80
80 80
80 80
80 80
80 80
80 80
80 80
80 80
80 79
80 80
80 80
80 79
80 79
80 105
80 80
80 106
80 106
80 80
80 80
80 80
80 80
80 79
80 106
80 80
80 80
80 80
80 80
80 80
80 80
80 80
80 80
80 106
80 80
80 80
80 80
80 79
80 80
80 80
80 80
81 82
81 81
81 81
81 81
81 81
81 81
81 81
81 24
81 81
81 81
81 81
81 113
81 81
81 81
81 82
81 113
81 81
81 101
81 81
81 81
81 81
81 81
81 81
81 81
81 81
81 81
81 113
81 81
81 81
81 81
81 81
81 81
81 89
81 81
81 81
81 81
81 81
81 81
81 81
81 81
81 81
81 81
81 113
81 81
81 89
81 81
81 81
81 81
81 81
81 113
82 82
82 81
82 82
82 82
82 82
82 82
82 81
82 82
82 82
82 45
82 82
82 82
82 71
82 82
82 82
82 82
82 82
82 82
82 82
82 82
82 82
82 81
82 82
82 81
82 82
82 82
82 82
82 82
82 83
82 81
82 82
82 81
82 82
82 81
82 82
82 82
82 82
82 82
82 82
82 82
82 82
82 82
82 81
82 82
82 82
82 82
82 81
82 82
82 82
82 82
83 83
83 83
83 83
83 83
83 83
83 83
83 83
83 85
83 83
83 83
83 113
83 83
83 85
83 83
83 83
83 83
83 83
83 83
83 83
83 83
83 83
83 47
83 83
83 83
83 83
83 83
83 83
83 83
83 83
83 83
83 20
83 83
83 83
83 83
83 83
83 83
83 83
83 83
83 83
83 83
83 83
83 83
83 83
83 83
83 83
83 83
83 83
83 83
83 83
83 83
84 84
84 83
84 84
84 84
84 83
84 84
84 84
84 84
84 84
84 83
84 84
84 84
84 84
84 84
84 84
84 84
84 84
84 84
84 84
84 84
84 84
84 84
84 84
84 83
84 84
84 84
84 84
84 84
84 83
84 83
84 84
84 84
84 83
84 84
84 84
84 83
84 84
84 83
84 84
84 84
84 83
84 83
84 84
84 84
84 84
84 84
84 84
84 84
84 84
84 84
85 85
85 85
85 85
85 85
85 85
85 85
85 85
85 85
85 85
85 85
85 85
85 85
85 85
85 85
85 85
85 85
85 85
85 85
85 85
85 83
85 85
85 85
85 85
85 85
85 83
85 85
85 5
85 85
85 85
85 85
85 85
85 85
85 85
85 85
85 85
85 85
85 85
85 85
85 85
85 85
85 85
85 85
85 81
85 85
85 85
85 85
85 85
85 85
85 85
85 85
86 85
86 86
86 71
86 85
86 105
86 85
86 85
86 85
86 85
86 85
86 85
86 86
86 85
86 86
86 85
86 85
86 85
86 85
86 85
86 85
86 85
86 85
86 85
86 85
86 85
86 85
86 85
86 85
86 86
86 85
86 85
86 85
86 85
86 85
86 85
86 85
86 85
86 85
86 86
86 85
86 85
86 85
86 85
86 85
86 85
86 85
86 85
86 85
86 85
86 85
87 88
87 113
87 85
87 1
87 85
87 85
87 1
87 83
87 81
87 83
87 83
87 13
87 83
87 84
87 85
87 83
87 83
87 83
87 113
87 33
87 1
87 82
87 83
87 85
87 83
87 83
87 113
87 85
87 113
87 85
87 83
87 83
87 33
87 113
87 85
87 85
87 113
87 85
87 85
87 2
87 83
87 88
87 83
87 83
87 85
87 113
87 85
87 85
87 83
87 85
88 85
88 83
88 85
88 88
88 88
88 85
88 85
88 88
88 88
88 88
88 1
88 88
88 88
88 88
88 88
88 88
88 85
88 88
88 85
88 85
88 82
88 88
88 88
88 88
88 85
88 88
88 88
88 88
88 83
88 85
88 88
88 88
88 85
88 88
88 85
88 88
88 85
88 88
88 82
88 88
88 85
88 83
88 85
88 85
88 88
88 85
88 88
88 88
88 88
88 88
89 89
89 89
89 89
89 89
89 89
89 89
89 89
89 89
89 46
89 89
89 46
89 89
89 89
89 89
89 89
89 89
89 89
89 46
89 89
89 89
89 89
89 46
89 89
89 89
89 89
89 89
89 89
89 89
89 89
89 89
89 89
89 89
89 89
89 89
89 89
89 89
89 89
89 89
89 89
89 89
89 89
89 89
89 89
89 89
89 89
89 89
89 46
89 89
89 89
89 89
90 59
90 90
90 90
90 90
90 47
90 59
90 89
90 90
90 90
90 59
90 59
90 114
90 49
90 47
90 90
90 47
90 47
90 93
90 90
90 59
90 90
90 47
90 59
90 90
90 47
90 90
90 59
90 114
90 59
90 59
90 90
90 47
90 90
90 90
90 114
90 90
90 93
90 89
90 90
90 59
90 114
90 47
90 59
90 90
90 59
90 59
90 47
90 78
90 59
90 90
91 46
91 48
91 46
91 48
91 48
91 48
91 48
91 46
91 46
91 46
91 46
91 48
91 46
91 48
91 48
91 46
91 89
91 46
91 46
91 46
91 46
91 46
91 48
91 48
91 52
91 46
91 48
91 48
91 46
91 46
91 46
91 48
91 48
91 46
91 46
91 89
91 46
91 48
91 89
91 89
91 46
91 48
91 46
91 108
91 48
91 48
91 52
91 46
91 46
91 89
93 93
93 93
93 93
93 93
93 93
93 93
93 93
93 93
93 93
93 93
93 93
93 93
93 93
93 93
93 89
93 93
93 78
93 93
93 93
93 93
93 93
93 93
93 93
93 93
93 93
93 93
93 93
93 93
93 93
93 93
93 93
93 93
93 93
93 93
93 93
93 93
93 93
93 78
93 93
93 93
93 93
93 93
93 93
93 93
93 93
93 93
93 93
93 93
93 93
93 93
95 89
95 89
95 48
95 89
95 89
95 89
95 89
95 48
95 89
95 89
95 89
95 28
95 89
95 89
95 28
95 48
95 48
95 48
95 89
95 89
95 89
95 89
95 48
95 19
95 89
95 89
95 89
95 89
95 89
95 89
95 48
95 89
95 89
95 48
95 89
95 48
95 19
95 89
95 48
95 107
95 89
95 48
95 48
95 48
95 89
95 89
95 89
95 89
95 89
95 19
97 89
97 93
97 55
97 89
97 107
97 89
97 89
97 89
97 89
97 89
97 89
97 89
97 89
97 89
97 89
97 89
97 89
97 89
97 89
97 89
97 44
97 89
97 89
97 89
97 89
97 89
97 55
97 89
97 19
97 89
97 89
97 89
97 89
97 89
97 107
97 55
97 89
97 89
97 93
97 89
97 89
97 93
97 89
97 89
97 89
97 89
97 107
97 55
97 89
97 89
98 93
98 93
98 93
98 114
98 114
98 63
98 93
98 114
98 114
98 93
98 59
98 59
98 63
98 107
98 93
98 93
98 93
98 63
98 63
98 93
98 93
98 82
98 63
98 93
98 93
98 63
98 59
98 93
98 93
98 114
98 114
98 46
98 59
98 93
98 93
98 93
98 63
98 59
98 62
98 93
98 59
98 59
98 107
98 93
98 93
98 93
98 6
98 93
98 93
98 93
99 99
99 105
99 99
99 99
99 99
99 99
99 99
99 79
99 99
99 99
99 99
99 99
99 99
99 99
99 99
99 99
99 99
99 99
99 105
99 113
99 99
99 99
99 99
99 99
99 99
99 99
99 99
99 99
99 27
99 99
99 99
99 99
99 113
99 99
99 99
99 99
99 99
99 99
99 99
99 99
99 99
99 99
99 113
99 99
99 99
99 18
99 99
99 99
99 99
99 99
100 106
100 99
100 99
100 99
100 99
100 106
100 99
100 106
100 99
100 99
100 105
100 99
100 106
100 99
100 99
100 99
100 99
100 99
100 106
100 99
100 99
100 106
100 99
100 106
100 99
100 106
100 105
100 99
100 99
100 106
100 99
100 99
100 105
100 99
100 99
100 106
100 99
100 99
100 99
100 99
100 99
100 106
100 99
100 106
100 99
100 99
100 106
100 99
100 106
100 99
101 101
101 101
101 101
101 101
101 101
101 101
101 101
101 101
101 101
101 101
101 101
101 101
101 101
101 101
101 101
101 59
101 101
101 101
101 101
101 101
101 101
101 81
101 101
101 101
101 58
101 101
101 101
101 101
101 101
101 101
101 101
101 101
101 82
101 101
101 101
101 101
101 101
101 101
101 101
101 101
101 101
101 101
101 101
101 101
101 101
101 101
101 101
101 101
101 103
101 101
102 101
102 101
102 101
102 101
102 101
102 101
102 101
102 101
102 101
102 101
102 101
102 101
102 101
102 101
102 113
102 101
102 101
102 101
102 101
102 101
102 101
102 101
102 101
102 101
102 101
102 101
102 101
102 113
102 101
102 101
102 101
102 101
102 101
102 101
102 101
102 101
102 101
102 101
102 101
102 81
102 101
102 103
102 101
102 101
102 101
102 101
102 101
102 101
102 101
102 101
103 103
103 103
103 103
103 103
103 103
103 103
103 103
103 103
103 103
103 103
103 103
103 103
103 103
103 103
103 103
103 103
103 103
103 103
103 103
103 103
103 103
103 103
103 103
103 103
103 103
103 103
103 103
103 103
103 103
103 103
103 45
103 103
103 103
103 103
103 103
103 103
103 103
103 103
103 103
103 103
103 103
103 103
103 5
103 103
103 103
103 103
103 103
103 103
103 103
103 103
104 104
104 104
104 103
104 103
104 103
104 103
104 104
104 103
104 103
104 103
104 104
104 103
104 103
104 104
104 104
104 103
104 104
104 103
104 104
104 104
104 104
104 104
104 103
104 104
104 104
104 104
104 103
104 104
104 104
104 103
104 103
104 104
104 103
104 104
104 104
104 104
104 103
104 104
104 103
104 104
104 104
104 104
104 104
104 104
104 104
104 104
104 103
104 104
104 104
104 103
105 105
105 105
105 105
105 105
105 105
105 105
105 105
105 105
105 105
105 105
105 105
105 105
105 105
105 105
105 105
105 105
105 105
105 105
105 105
105 105
105 105
105 105
105 69
105 105
105 105
105 105
105 105
105 105
105 105
105 105
105 105
105 105
105 105
105 105
105 105
105 105
105 105
105 105
105 106
105 105
105 105
105 105
105 105
105 103
105 105
105 105
105 105
105 105
105 105
105 105
106 106
106 106
106 106
106 106
106 106
106 106
106 105
106 106
106 106
106 106
106 106
106 106
106 105
106 106
106 106
106 106
106 106
106 106
106 106
106 106
106 106
106 106
106 106
106 106
106 106
106 106
106 106
106 106
106 106
106 106
106 106
106 106
106 106
106 106
106 106
106 106
106 106
106 106
106 106
106 106
106 106
106 105
106 106
106 106
106 106
106 106
106 106
106 106
106 106
106 106
107 107
107 107
107 107
107 107
107 107
107 107
107 107
107 107
107 107
107 107
107 107
107 46
107 107
107 107
107 107
107 107
107 107
107 107
107 107
107 107
107 107
107 107
107 107
107 107
107 107
107 107
107 107
107 107
107 107
107 107
107 107
107 107
107 107
107 107
107 107
107 107
107 107
107 107
107 107
107 107
107 107
107 107
107 107
107 107
107 107
107 107
107 107
107 107
107 107
107 107
108 108
108 108
108 108
108 108
108 108
108 108
108 108
108 108
108 108
108 108
108 108
108 108
108 108
108 108
108 108
108 108
108 108
108 108
108 108
108 108
108 46
108 108
108 108
108 108
108 69
108 108
108 108
108 107
108 108
108 108
108 108
108 108
108 108
108 108
108 108
108 108
108 103
108 108
108 46
108 108
108 108
108 108
108 108
108 108
108 108
108 108
108 108
108 108
108 108
108 108
109 108
109 89
109 93
109 108
109 108
109 108
109 108
109 108
109 108
109 108
109 59
109 108
109 59
109 108
109 24
109 108
109 108
109 59
109 108
109 59
109 93
109 108
109 108
109 59
109 108
109 24
109 108
109 108
109 108
109 24
109 93
109 108
109 110
109 24
109 108
109 93
109 108
109 107
109 24
109 19
109 59
109 108
109 108
109 108
109 108
109 110
109 108
109 93
109 108
109 108
110 110
110 110
110 93
110 89
110 93
110 24
110 89
110 93
110 107
110 110
110 107
110 110
110 107
110 107
110 93
110 89
110 107
110 107
110 110
110 107
110 110
110 93
110 107
110 114
110 110
110 110
110 110
110 93
110 110
110 110
110 107
110 110
110 110
110 24
110 110
110 110
110 110
110 110
110 93
110 93
110 110
110 110
110 24
110 107
110 107
110 110
110 107
110 110
110 110
110 110
111 108
111 108
111 108
111 107
111 107
111 108
111 108
111 108
111 46
111 107
111 108
111 107
111 89
111 107
111 111
111 108
111 108
111 46
111 108
111 107
111 89
111 112
111 111
111 111
111 111
111 108
111 89
111 111
111 108
111 108
111 111
111 108
111 108
111 89
111 108
111 108
111 111
111 89
111 108
111 89
111 111
111 111
111 107
111 107
111 111
111 113
111 107
111 108
111 108
111 107
112 112
112 107
112 112
112 112
112 107
112 112
112 112
112 112
112 112
112 112
112 112
112 112
112 112
112 107
112 112
112 112
112 112
112 112
112 112
112 112
112 107
112 112
112 112
112 112
112 112
112 112
112 112
112 112
112 112
112 112
112 112
112 107
112 112
112 112
112 112
112 112
112 112
112 112
112 112
112 107
112 112
112 112
112 112
112 112
112 112
112 112
112 112
112 112
112 112
112 107
113 84
113 113
113 113
113 113
113 113
113 113
113 113
113 113
113 113
113 113
113 113
113 113
113 113
113 113
113 24
113 113
113 113
113 113
113 113
113 113
113 113
113 113
113 113
113 113
113 113
113 113
113 113
113 113
113 113
113 113
113 113
113 113
113 113
113 113
113 113
113 113
113 113
113 113
113 113
113 113
113 113
113 113
113 113
113 113
113 113
113 113
113 113
113 113
113 113
113 113
114 114
114 114
114 114
114 71
114 114
114 114
114 114
114 114
114 71
114 114
114 114
114 71
114 114
114 59
114 71
114 114
114 114
114 83
114 114
114 114
114 114
114 71
114 114
114 114
114 114
114 114
114 114
114 114
114 114
114 114
114 114
114 114
114 114
114 114
114 114
114 114
114 114
114 114
114 114
114 114
114 114
114 114
114 114
114 114
114 114
114 114
114 114
114 114
114 114
114 114
115 113
115 47
115 7
115 47
115 6
115 107
115 72
115 6
115 47
115 78
115 59
115 107
115 47
115 7
115 47
115 59
115 107
115 47
115 6
115 6
115 47
115 47
115 6
115 47
115 78
115 46
115 47
115 6
115 78
115 47
115 47
115 47
115 78
115 6
115 72
115 73
115 47
115 47
115 78
115 47
115 59
115 59
115 47
115 47
115 114
115 47
115 59
115 24
115 47
115 47
116 114
116 71
116 114
116 71
116 114
116 71
116 71
116 114
116 114
116 71
116 114
116 71
116 71
116 114
116 71
116 6
116 114
116 107
116 59
116 71
116 59
116 71
116 114
116 71
116 71
116 59
116 78
116 114
116 71
116 114
116 59
116 71
116 114
116 71
116 71
116 71
116 71
116 71
116 71
116 71
116 114
116 71
116 114
116 71
116 93
116 59
116 114
116 6
116 71
116 114
117 59
117 59
117 6
117 6
117 59
117 59
117 6
117 47
117 59
117 59
117 114
117 114
117 114
117 59
117 59
117 78
117 107
117 59
117 78
117 59
117 6
117 114
117 59
117 114
117 107
117 78
117 47
117 59
117 59
117 59
117 59
117 114
117 59
117 59
117 6
117 47
117 59
117 6
117 59
117 59
117 59
117 59
117 59
117 62
117 59
117 47
117 78
117 6
117 59
117 114
118 114
118 114
118 71
118 114
118 114
118 78
118 114
118 114
118 114
118 114
118 114
118 114
118 114
118 114
118 114
118 114
118 114
118 71
118 114
118 114
118 114
118 46
118 71
118 114
118 114
118 114
118 114
118 71
118 114
118 114
118 114
118 114
118 114
118 114
118 114
118 114
118 114
118 59
118 114
118 59
118 114
118 114
118 114
118 114
118 59
118 114
118 114
118 114
118 114
118 114
