2 32
2 32
25 53
22 71
7 71
12 29
9 29
2 7
26 7
32 32
34 34
14 14
4 103
8 79
26 26
7 85
8 6
23 23
2 45
6 113
28 55
33 108
8 69
26 89
6 20
15 40
14 26
6 24
28 13
33 33
11 11
28 28
6 13
3 104
4 4
2 2
17 12
29 29
26 26
9 104
3 15
8 45
6 6
13 28
1 1
6 24
13 34
1 20
32 103
25 32
17 47
22 113
7 47
34 47
1 23
2 23
4 6
28 28
6 6
12 15
6 90
15 5
14 5
4 4
8 35
24 6
3 31
1 33
24 6
3 3
1 85
24 24
3 75
1 88
2 35
13 48
33 20
32 32
31 5
32 32
2 30
13 28
33 28
27 27
41 28
14 11
12 29
16 29
1 29
3 26
33 33
27 27
41 41
14 14
12 3
16 26
1 24
3 12
33 33
24 6
5 1
14 1
29 31
5 5
7 82
10 21
8 35
4 4
13 28
17 1
17 17
10 10
4 9
22 20
12 12
8 20
11 36
3 3
1 29
3 3
37 37
24 20
5 20
14 69
29 29
11 6
6 3
15 6
1 3
14 3
18 83
6 6
15 15
14 45
29 29
13 28
33 82
36 37
12 26
8 2
1 65
25 85
9 85
32 69
31 49
8 8
24 108
10 52
5 43
2 45
11 20
3 2
2 103
17 1
29 29
26 26
9 101
3 114
8 114
17 1
29 29
26 44
9 1
3 3
8 8
22 24
34 13
2 36
12 12
4 4
8 27
26 107
7 107
8 8
26 28
7 55
6 6
28 25
33 26
11 11
34 28
17 17
5 5
27 18
6 6
8 35
13 47
17 1
32 8
8 35
13 46
17 1
32 35
31 31
8 35
13 23
17 17
32 36
31 31
37 103
28 46
22 16
18 18
8 8
23 23
22 45
8 18
7 7
34 34
4 30
17 6
21 21
2 36
17 24
29 1
26 26
9 43
3 15
8 8
4 4
8 27
26 6
7 55
32 103
25 38
17 33
36 35
12 26
8 8
36 4
3 31
1 1
2 2
13 28
33 1
2 22
13 34
33 83
2 22
13 6
33 6
32 32
24 18
3 5
1 9
4 4
24 24
3 15
17 1
17 17
29 29
26 26
9 43
3 15
8 36
4 4
3 29
33 33
18 17
21 21
18 18
12 18
8 35
13 23
17 26
22 10
40 40
6 6
5 6
1 6
2 23
4 23
4 4
8 85
26 17
7 7
12 12
11 9
40 40
24 6
15 15
2 2
14 35
34 28
8 45
6 6
28 25
33 13
6 7
10 10
2 2
6 7
10 10
2 33
7 29
8 8
13 23
17 26
7 7
10 10
11 16
18 18
41 28
37 37
11 11
6 6
15 40
1 88
14 59
14 34
6 6
6 6
28 39
33 82
32 32
15 40
1 12
11 11
34 42
17 13
5 31
27 8
6 34
34 34
4 11
32 24
19 19
4 4
11 4
12 29
7 7
14 11
27 27
39 113
7 55
24 24
8 20
23 23
22 45
24 6
28 28
37 37
18 18
15 38
7 85
2 35
17 7
26 5
16 4
12 12
4 4
8 35
4 4
3 31
33 26
27 27
41 41
14 14
12 12
16 16
1 7
3 29
33 26
27 27
41 7
14 7
12 12
16 11
1 7
3 29
33 26
10 10
4 4
22 24
12 12
8 79
11 11
3 37
1 26
3 21
37 2
10 21
7 7
10 15
16 16
3 29
1 26
11 32
3 29
1 35
7 32
5 23
1 1
14 14
18 105
23 45
8 8
18 18
28 34
14 23
12 1
15 15
7 18
18 18
25 12
17 17
13 85
1 85
12 71
1 1
21 75
18 18
5 5
11 11
12 21
7 28
4 4
38 23
1 1
14 35
36 11
12 15
8 37
18 32
15 40
6 16
12 15
6 32
38 23
1 26
14 27
4 36
8 8
26 5
7 19
32 32
25 38
17 43
27 6
41 10
14 7
17 7
19 31
1 16
3 43
33 23
10 23
4 103
22 18
12 12
8 8
11 4
3 40
1 7
3 25
37 37
6 32
10 21
2 2
18 32
23 38
14 103
27 8
41 7
14 101
14 2
6 4
3 37
33 33
8 8
4 37
28 28
8 20
4 11
24 101
40 5
37 37
26 23
2 8
13 23
33 33
1 29
25 25
9 32
1 1
21 3
18 18
5 41
6 6
10 21
2 45
4 35
8 27
26 44
7 7
11 11
7 7
38 15
5 25
4 4
28 15
6 7
12 12
32 32
14 20
6 7
7 7
38 25
14 16
18 18
6 6
15 21
14 85
18 24
13 7
2 2
5 4
24 24
28 34
37 103
37 37
24 24
41 7
17 28
5 28
1 7
18 20
21 37
18 27
12 29
17 4
22 5
7 5
21 33
2 36
36 26
3 29
1 69
18 45
28 45
14 45
12 113
18 3
28 2
14 9
12 45
14 7
13 33
8 59
8 16
7 17
34 6
4 6
17 6
21 21
2 35
7 89
13 81
16 113
11 35
23 7
17 15
5 7
7 7
12 26
18 6
21 21
18 28
12 12
10 16
4 16
4 37
8 4
21 21
2 37
3 12
33 43
4 4
22 22
12 3
8 30
37 37
39 5
2 44
24 7
40 15
37 37
39 39
2 1
7 19
39 7
1 1
11 2
6 18
15 46
1 81
14 69
4 32
22 32
12 32
8 32
4 36
8 105
26 5
7 17
32 5
25 5
17 1
6 7
10 7
2 5
6 33
15 1
14 20
32 32
5 7
7 7
25 47
6 24
10 107
2 69
11 27
6 17
15 19
1 33
14 14
4 37
8 30
26 114
7 114
4 32
28 46
6 85
12 85
37 45
39 45
2 32
18 69
10 82
18 18
19 19
12 7
24 46
28 28
37 104
32 2
23 2
2 32
4 4
8 27
26 26
7 7
37 17
28 32
22 5
6 32
38 19
1 1
14 17
4 4
8 8
26 5
7 7
18 40
23 7
14 7
11 11
6 6
15 12
1 15
14 5
6 24
15 12
14 9
32 32
25 46
17 7
24 24
15 12
2 16
6 24
15 12
14 2
6 18
28 18
33 32
37 37
28 23
22 2
4 37
28 5
6 19
12 43
18 59
15 37
4 45
2 45
24 24
28 28
37 37
32 32
23 34
2 4
8 36
25 25
2 16
32 2
23 4
2 4
18 18
15 12
4 30
2 30
8 8
25 39
2 16
4 4
21 47
4 104
28 28
6 7
12 26
27 7
39 31
7 25
6 89
10 34
2 9
11 32
6 24
15 40
1 26
14 26
18 4
15 4
4 4
2 4
18 18
6 22
15 12
14 45
15 12
2 2
11 11
12 12
2 2
14 7
6 7
3 12
33 2
8 45
8 8
41 89
8 2
7 32
13 34
1 33
36 20
18 32
6 5
15 103
8 79
11 11
5 19
4 4
2 4
8 2
13 28
2 107
6 32
10 21
2 2
7 1
38 20
14 2
6 24
38 47
1 69
14 6
8 28
26 1
7 33
27 107
41 7
14 45
36 36
12 3
8 2
18 24
19 19
12 3
6 6
15 29
14 43
6 24
15 12
14 45
27 27
39 41
7 19
4 37
28 5
6 7
12 12
10 10
23 25
17 25
4 103
28 112
6 7
12 71
4 4
23 38
1 33
14 20
4 4
13 46
1 1
8 30
26 45
7 45
18 18
23 15
14 2
6 32
10 28
2 85
8 11
24 6
10 34
5 113
2 2
18 18
15 29
7 112
2 45
18 18
15 104
4 4
2 4
8 18
25 28
2 2
18 83
19 112
12 75
7 71
3 26
4 4
1 85
36 7
3 85
1 26
2 14
13 23
33 1
4 103
17 17
15 74
7 19
32 7
10 7
14 105
28 107
27 45
8 22
13 41
1 1
2 30
6 6
12 75
8 22
23 23
2 1
11 4
12 29
7 44
14 47
32 20
25 15
17 1
27 27
39 41
7 107
6 24
10 17
2 17
4 4
8 27
26 19
7 7
36 32
12 12
8 2
7 23
41 5
8 45
7 20
3 20
22 2
4 4
7 18
3 3
4 4
1 6
18 101
15 81
6 71
12 69
2 2
13 6
33 23
32 32
25 38
17 5
7 44
39 13
1 26
4 37
21 23
6 34
10 28
2 16
27 32
39 6
4 11
28 19
6 6
12 12
6 24
15 3
14 69
32 2
25 44
17 26
7 34
39 6
1 12
4 8
22 4
12 4
8 32
2 14
6 7
12 6
4 37
23 23
1 25
14 17
6 30
28 45
8 8
7 45
10 45
2 15
6 6
3 6
16 6
5 28
6 7
15 29
14 3
7 18
25 7
8 8
24 11
10 34
5 21
2 20
6 6
28 38
33 5
14 35
15 12
2 36
4 37
28 44
6 6
12 69
15 12
2 2
4 2
24 44
3 23
17 1
4 30
24 6
3 40
17 28
17 32
29 41
26 7
9 7
3 5
8 45
37 35
28 28
22 45
18 7
10 69
18 69
10 78
37 36
11 16
3 44
2 2
11 16
12 5
2 14
4 4
8 27
26 41
7 7
7 18
15 25
27 2
9 4
11 11
12 6
7 31
8 27
13 34
17 16
4 4
21 10
2 14
6 5
12 5
6 20
28 28
8 5
18 27
41 28
37 37
11 32
28 28
6 7
3 103
4 4
2 4
7 24
10 21
2 16
6 14
3 26
16 2
5 47
7 24
38 38
14 16
18 24
19 19
12 12
27 22
41 3
14 3
32 8
34 32
14 32
8 2
24 4
10 4
5 4
2 4
27 29
41 26
14 9
8 8
24 8
10 4
5 13
2 15
8 24
24 24
10 10
5 15
2 15
8 24
26 24
7 107
6 32
10 21
2 2
14 14
28 38
27 20
8 14
23 28
1 5
14 35
12 12
8 18
13 28
17 32
5 34
1 71
14 5
6 23
3 5
33 16
8 8
11 4
26 4
14 4
18 27
6 7
15 21
14 2
40 27
7 20
12 2
11 11
8 22
13 23
17 17
8 79
24 107
10 48
5 71
2 45
24 81
15 78
2 59
6 89
28 55
6 89
8 79
24 111
10 52
5 85
2 45
14 103
6 78
3 62
33 12
8 2
37 78
28 46
22 45
8 81
25 85
2 3
18 5
15 28
4 28
2 2
8 27
23 46
22 79
14 59
6 59
3 86
33 107
8 107
32 27
19 8
4 107
14 105
34 48
8 45
7 7
6 14
38 48
1 85
14 113
27 46
41 79
14 20
24 24
40 62
18 99
15 25
7 107
2 105
6 113
15 12
14 35
27 62
21 19
17 107
18 99
21 62
18 99
12 71
36 35
3 112
7 107
14 79
6 65
5 113
1 69
36 30
32 32
25 28
17 85
32 4
25 28
17 33
29 83
13 107
33 107
8 105
7 108
34 55
4 37
17 24
21 62
2 69
4 99
22 107
26 101
1 101
32 69
31 49
4 37
38 55
1 82
14 8
6 1
10 23
2 71
11 11
34 28
17 17
5 5
6 6
3 6
16 6
5 48
18 45
15 45
7 45
2 2
18 45
15 45
7 45
2 30
24 24
41 6
17 6
5 25
1 33
36 35
3 32
7 6
14 23
6 23
5 45
1 90
36 2
10 34
7 7
14 45
11 11
19 44
8 8
6 85
10 38
2 35
8 13
24 81
10 78
5 78
2 35
4 4
8 27
26 26
7 7
4 4
8 27
26 26
14 36
26 29
29 26
5 1
24 24
28 15
1 1
2 14
2 35
5 7
22 7
7 7
21 31
24 3
3 26
20 22
13 34
4 4
2 36
37 103
25 28
7 7
14 2
5 44
1 45
15 20
8 113
18 18
41 6
37 103
40 5
6 6
3 23
16 6
5 28
6 29
10 21
2 45
6 27
3 28
16 32
5 28
11 11
12 31
7 19
36 35
3 31
1 7
