18 99
10 52
18 18
22 20
7 7
17 17
10 10
1 33
21 21
17 17
3 40
1 1
12 12
18 99
15 40
6 6
12 6
18 28
13 103
2 2
5 5
18 2
13 4
2 2
5 5
18 22
6 6
15 23
8 8
11 11
5 39
4 4
2 2
22 22
34 34
2 2
12 29
18 18
19 81
7 113
18 18
23 34
14 14
17 26
26 26
16 9
12 12
4 103
24 24
3 15
17 1
10 10
4 9
4 4
8 27
21 21
2 2
3 32
33 85
18 18
34 28
4 5
8 27
3 41
2 45
18 18
19 19
7 43
4 4
24 24
3 15
17 1
18 18
34 28
4 9
8 27
3 41
2 18
18 24
19 19
7 7
27 27
25 55
7 81
7 7
39 49
1 33
22 18
3 3
27 8
32 32
15 15
1 26
18 99
15 49
6 6
12 12
18 18
13 28
2 37
5 5
32 32
7 29
10 21
11 16
4 4
13 28
1 26
32 32
15 1
1 43
27 27
6 6
18 18
15 40
6 6
12 3
18 18
15 40
6 6
12 12
7 29
10 10
11 11
6 6
3 62
16 16
5 34
4 20
13 28
1 26
7 7
12 12
18 18
13 28
2 2
5 5
24 24
28 10
37 37
18 18
41 2
37 37
18 18
18 18
19 112
7 107
10 10
4 75
4 14
8 79
21 12
2 2
3 21
33 1
4 9
3 40
4 4
2 14
5 5
36 36
3 15
1 26
32 32
11 11
12 31
7 7
32 32
4 4
17 17
15 38
7 82
6 24
38 38
1 33
14 20
10 10
4 4
32 32
28 28
8 79
12 3
10 10
4 4
32 32
28 28
8 44
12 12
10 10
4 4
32 32
28 28
8 79
12 12
4 4
3 15
4 4
2 30
5 5
2 2
12 12
36 36
5 5
7 1
25 42
32 32
10 10
8 23
26 46
14 14
34 28
8 8
6 24
38 38
1 33
14 59
11 4
11 4
26 26
14 114
11 4
18 18
13 69
2 2
5 39
8 69
26 107
1 1
10 10
4 4
2 2
5 5
17 17
12 12
2 2
29 29
5 26
32 32
21 21
14 14
28 28
27 8
7 1
8 8
13 23
1 1
2 36
6 6
12 12
14 14
8 8
26 41
7 55
27 27
41 5
14 14
14 35
6 6
27 27
41 25
14 30
6 6
28 55
33 17
6 6
28 55
33 17
11 11
13 28
1 26
18 18
19 24
12 12
4 4
8 27
26 26
7 7
4 4
8 27
26 44
7 7
4 4
8 27
26 97
7 112
18 18
41 41
8 8
4 11
28 28
6 6
12 12
27 27
39 34
7 46
27 27
39 28
7 55
27 27
39 34
7 107
2 36
6 6
12 12
17 17
26 26
1 26
11 11
28 28
6 6
3 15
4 4
2 2
11 11
28 28
6 23
3 15
4 4
2 2
14 14
34 28
8 8
14 14
34 28
8 8
6 6
28 28
33 33
7 1
25 33
17 17
38 38
4 4
27 34
6 6
34 34
4 9
11 11
34 28
17 83
5 46
32 19
19 19
4 4
40 40
32 89
19 19
4 4
32 32
21 21
14 14
13 28
8 8
8 32
13 28
1 1
2 36
6 6
12 12
8 8
13 23
1 1
2 36
6 6
12 15
18 18
15 40
6 6
12 3
23 10
22 99
7 112
8 8
21 21
8 8
24 24
28 28
37 37
2 103
6 6
12 12
18 18
10 10
17 17
13 28
1 1
12 15
24 24
3 15
1 33
7 17
21 21
8 45
27 18
7 7
34 34
4 4
7 1
3 15
4 4
1 33
1 1
25 25
9 9
2 2
13 28
33 33
4 103
12 12
11 103
12 29
7 108
11 11
12 29
7 55
2 36
25 5
15 42
7 107
18 99
25 42
2 2
17 17
26 26
1 33
15 15
7 107
18 18
25 5
37 37
25 25
7 19
14 8
5 5
15 13
7 7
18 18
25 25
6 24
13 34
1 1
7 7
15 21
27 8
9 4
2 35
25 10
1 1
10 10
4 4
2 4
5 5
17 17
12 12
2 36
29 29
5 26
27 27
41 58
14 14
1 17
25 25
30 16
23 10
33 33
8 8
29 2
5 26
17 17
23 34
1 33
2 2
12 12
36 36
5 5
1 17
21 21
18 18
5 5
1 33
21 21
18 18
5 5
8 79
13 46
17 83
5 112
1 85
18 18
41 41
8 8
4 4
8 8
26 112
7 45
11 103
12 12
7 78
1 1
25 25
9 103
4 4
38 42
1 33
14 14
32 69
11 4
21 21
4 4
7 7
41 41
8 27
2 22
25 25
11 4
12 12
2 18
37 103
25 25
7 18
14 14
5 5
1 29
12 26
15 10
7 5
18 18
25 23
15 21
7 12
18 18
7 73
15 78
27 105
9 45
18 18
23 23
8 45
37 37
25 55
7 85
14 14
5 5
34 34
17 46
18 18
23 38
14 105
27 27
41 5
14 5
17 113
19 48
1 20
3 15
33 2
27 27
41 5
14 20
17 113
19 95
1 20
3 15
33 33
17 17
10 10
1 33
21 15
17 33
3 3
9 43
17 17
10 10
1 1
21 34
17 1
3 15
9 43
17 17
10 10
1 33
21 63
17 20
3 15
9 43
1 1
10 21
4 4
2 105
5 5
17 18
12 15
2 30
29 29
5 29
27 27
41 13
14 20
1 1
10 10
14 14
13 28
8 8
32 78
31 39
29 29
5 113
24 24
5 71
14 69
29 32
5 5
7 82
10 10
8 8
4 11
13 23
17 1
17 113
19 95
14 14
26 29
29 29
5 113
24 108
28 19
1 2
2 45
2 20
5 5
22 22
7 7
21 34
24 24
3 12
20 30
14 14
26 29
29 29
5 113
24 6
28 13
1 2
2 45
2 20
5 5
22 58
7 7
21 15
24 24
3 71
20 105
13 34
4 9
14 14
26 26
29 29
5 113
24 108
28 46
1 105
2 20
2 47
5 5
22 22
7 16
21 21
24 24
3 12
20 9
13 10
4 9
14 18
26 29
29 29
5 107
24 108
28 46
1 106
2 14
2 114
5 90
22 22
7 7
21 63
24 24
3 71
20 103
13 28
4 9
6 113
13 48
1 105
6 113
13 48
1 105
2 32
37 103
25 28
7 17
14 14
5 5
32 32
40 40
11 32
12 12
2 3
18 18
13 28
2 30
5 5
14 14
28 89
27 27
32 32
19 95
4 103
11 18
26 18
14 18
18 18
13 69
2 2
5 5
8 30
41 27
8 8
37 37
39 38
2 2
18 99
10 52
17 17
13 13
1 1
12 3
18 99
15 53
4 5
2 103
24 110
3 62
1 101
11 11
13 46
1 45
10 10
4 7
32 69
28 46
8 79
12 12
10 10
4 11
32 69
28 89
8 79
12 3
10 10
4 3
4 4
8 79
21 41
2 14
3 59
33 2
18 99
19 112
7 85
2 2
6 6
12 12
1 85
21 63
18 105
5 5
11 11
23 34
17 17
5 15
7 7
12 3
36 35
3 3
7 19
14 35
6 6
5 85
1 1
36 36
3 65
7 112
14 14
6 6
5 47
1 45
36 36
3 65
7 107
14 35
6 6
5 85
1 1
4 9
3 3
4 4
2 14
5 5
36 36
3 25
7 105
14 14
6 6
5 47
1 85
11 11
19 89
8 79
4 4
17 17
15 23
7 43
4 78
38 49
1 85
14 45
7 78
3 59
22 22
4 4
1 78
25 25
9 20
2 22
21 21
4 5
2 1
15 10
7 41
18 18
25 49
18 18
23 23
8 8
15 23
7 12
18 18
25 52
11 11
12 12
2 18
4 103
28 28
11 2
2 32
32 32
18 18
23 23
8 45
1 1
10 10
4 4
2 105
5 5
17 17
12 71
2 36
29 71
5 26
24 24
5 13
14 35
29 29
5 26
7 7
10 21
8 8
4 11
13 13
17 1
35 35
26 7
4 7
24 99
5 41
14 14
29 29
5 41
7 7
10 21
8 2
4 30
13 5
17 33
35 35
26 31
4 5
32 78
31 63
29 29
5 108
34 48
7 7
27 27
41 15
14 14
1 30
10 30
2 30
17 17
10 10
1 33
21 21
17 1
3 15
9 62
17 17
10 10
1 33
21 21
17 1
3 63
9 9
24 24
5 3
14 35
29 35
5 5
7 16
10 21
8 79
4 4
13 28
17 17
17 89
19 48
29 78
13 28
33 1
7 7
13 28
16 16
2 18
12 12
36 35
5 5
1 1
21 21
18 18
5 5
36 2
12 45
8 8
27 90
41 58
14 14
36 36
3 15
1 26
32 7
4 4
17 1
15 56
7 43
4 4
32 29
31 31
36 36
3 21
1 85
8 69
13 83
17 83
5 48
1 17
32 32
5 15
7 47
25 25
7 72
39 101
1 85
4 103
22 99
12 71
8 27
2 35
6 110
12 75
11 27
7 34
38 55
5 69
18 99
41 60
37 37
18 18
10 52
18 18
10 52
6 6
38 38
1 33
14 35
22 22
7 7
34 28
1 1
2 2
11 30
7 7
38 38
5 46
6 24
3 12
16 16
5 46
18 18
41 41
37 4
18 18
23 34
14 13
14 14
6 6
32 32
21 15
14 14
13 28
8 45
8 8
23 23
2 46
8 18
13 28
1 1
2 14
6 6
12 71
8 69
13 58
1 1
2 14
6 6
12 71
8 22
13 13
1 79
2 14
6 6
12 71
22 22
7 7
21 15
18 18
15 40
6 24
12 71
18 99
15 15
4 4
2 105
18 18
37 37
28 28
22 45
37 37
32 32
23 23
2 2
6 6
28 28
8 8
17 17
13 34
1 1
12 3
4 103
28 28
8 8
4 4
18 18
34 28
4 4
8 8
3 3
2 45
18 99
19 112
7 85
11 11
23 23
17 17
5 13
7 81
12 71
11 4
23 23
17 59
5 47
7 85
12 75
36 36
3 44
7 107
14 14
6 6
5 15
1 1
36 35
3 44
7 7
14 14
6 93
5 85
1 85
11 11
28 28
6 6
3 15
4 4
2 20
36 36
3 44
7 33
14 14
6 6
5 43
1 16
4 103
3 3
4 4
2 2
5 46
22 22
40 40
17 17
22 18
15 28
22 46
5 45
27 27
7 7
34 28
4 4
4 4
22 18
26 26
1 20
4 103
24 24
12 12
2 35
11 4
12 12
7 107
4 11
38 38
1 33
14 14
7 1
41 41
8 20
7 1
3 15
22 22
4 4
7 7
3 3
4 4
1 4
2 22
36 36
3 31
1 33
36 36
12 12
8 14
11 4
21 21
4 4
4 30
17 6
15 23
7 82
2 2
13 28
33 33
32 7
31 31
36 37
3 26
1 43
1 1
12 3
6 6
13 28
1 43
37 37
25 28
7 7
14 35
5 47
7 7
15 21
27 8
9 4
7 1
15 21
27 8
9 4
11 4
3 3
33 33
27 27
5 5
11 4
3 3
33 33
27 27
5 5
14 35
26 29
29 29
5 26
24 24
28 28
1 30
2 2
2 36
5 5
22 103
7 7
21 15
24 24
3 12
20 20
13 28
4 4
8 89
24 24
10 23
5 15
2 35
27 27
41 41
14 35
1 7
10 23
2 35
10 10
7 7
10 31
16 16
3 3
1 1
11 9
3 3
1 1
7 7
5 15
1 1
14 30
10 10
7 7
10 31
16 14
3 3
1 26
11 4
3 3
1 23
7 7
5 13
1 1
14 2
10 10
7 7
10 31
16 16
3 4
1 33
11 11
3 3
1 26
7 7
5 15
1 1
14 35
36 36
3 26
1 26
7 20
3 3
4 4
1 5
7 7
41 41
8 8
4 4
17 17
15 23
7 33
2 2
13 23
33 43
2 36
21 1
4 4
2 2
18 18
23 34
14 14
32 32
31 72
7 1
3 15
22 22
4 4
11 32
12 31
7 107
40 40
24 24
15 81
7 33
14 14
13 28
1 1
18 99
19 19
12 69
8 101
13 25
17 24
5 19
1 26
18 18
19 19
12 3
18 18
41 39
4 4
13 34
1 17
11 11
28 28
6 6
3 43
4 105
2 71
6 24
3 15
16 104
5 39
2 35
6 6
12 15
17 16
26 17
1 105
4 4
28 28
11 4
2 71
6 6
28 55
33 14
7 7
25 25
32 32
14 14
6 6
10 34
27 90
41 105
14 2
22 22
3 26
27 8
17 17
18 18
6 6
15 23
8 79
11 4
18 18
6 6
15 15
8 8
11 103
17 17
13 52
1 85
12 62
8 8
25 21
2 2
24 24
32 69
18 105
27 27
25 48
7 7
27 27
25 25
7 89
10 10
4 5
4 4
8 27
21 15
2 2
3 15
33 33
4 4
3 26
4 4
2 2
5 5
1 1
21 34
18 18
5 5
36 36
10 10
7 7
14 2
8 8
13 23
22 45
24 107
19 19
2 2
5 5
14 35
6 6
7 7
3 3
4 4
1 5
11 11
21 21
11 11
8 8
26 26
7 7
32 9
4 4
17 17
15 42
7 33
36 36
3 3
1 26
36 85
3 85
1 26
36 35
3 29
1 41
8 8
38 42
32 83
31 29
31 20
31 3
36 36
12 12
8 8
4 4
17 17
15 38
7 33
4 30
17 17
15 15
7 7
23 23
22 18
7 7
18 99
6 6
15 15
8 8
11 4
5 15
4 4
2 2
18 18
6 6
15 15
8 79
11 4
5 39
4 4
2 2
37 37
28 28
22 107
24 24
28 28
24 24
40 40
37 37
26 26
18 3
15 2
4 4
2 2
4 4
24 24
3 3
17 43
4 4
24 24
3 13
17 33
27 27
25 89
7 81
27 27
25 55
7 81
4 9
3 15
33 33
17 113
26 12
16 103
12 3
24 24
3 33
1 26
22 22
34 34
2 2
12 71
4 4
8 27
2 22
12 12
36 36
5 5
11 11
23 23
17 59
5 15
7 7
12 12
8 8
7 7
34 34
4 4
17 6
21 21
2 2
8 8
7 7
34 34
4 4
17 17
21 21
2 35
17 17
23 23
1 33
4 4
22 18
27 27
7 7
32 32
31 26
31 32
31 7
18 18
6 6
15 34
14 45
18 18
15 40
6 6
12 12
7 7
12 26
11 2
18 99
13 28
2 2
5 5
1 1
25 21
9 9
36 36
3 26
1 1
36 36
12 12
8 16
4 4
37 37
25 55
7 19
14 14
5 5
15 21
7 7
18 18
11 103
6 6
15 15
1 33
14 59
32 32
5 15
7 7
25 10
40 40
32 7
31 72
36 36
3 3
1 1
11 11
27 27
21 15
17 33
4 103
13 28
1 33
7 20
12 12
11 4
36 36
10 10
7 82
14 114
36 36
10 10
7 82
14 45
2 20
12 12
36 36
5 5
8 8
7 7
34 28
4 4
17 16
21 15
2 30
8 27
26 107
7 112
37 37
26 21
37 37
17 17
13 28
1 1
12 12
24 24
28 28
37 37
18 18
7 7
25 25
7 4
3 28
4 20
1 40
4 37
17 17
15 40
7 33
36 32
3 3
1 33
32 7
11 11
32 71
27 62
41 55
14 105
36 35
3 3
1 26
36 35
3 15
1 1
6 16
13 34
1 1
1 26
12 3
4 103
28 28
11 30
2 2
6 6
13 34
1 1
1 1
12 3
24 24
5 12
14 35
29 35
5 26
7 9
10 10
8 20
4 4
13 5
17 33
35 35
17 17
10 10
1 33
21 21
17 1
3 63
9 103
24 24
15 25
7 7
14 14
13 34
1 85
8 113
24 113
10 23
5 15
2 2
24 24
5 79
14 35
29 35
5 26
7 7
10 10
8 2
4 30
13 16
17 1
35 35
26 26
4 9
27 27
41 5
14 20
1 1
10 52
2 2
10 10
23 33
17 1
4 103
28 28
6 25
12 71
14 35
6 6
10 52
32 32
34 34
14 20
18 18
10 10
18 99
10 52
14 35
6 6
10 52
14 35
6 6
10 52
32 32
34 34
14 46
27 90
41 105
14 2
6 11
28 55
33 33
4 4
23 23
1 33
14 59
6 113
28 55
33 33
7 7
32 32
34 34
14 13
27 90
41 105
14 2
27 59
41 101
14 105
27 27
41 71
14 106
22 22
3 3
27 79
14 105
28 28
27 8
4 103
13 28
1 33
14 14
13 28
8 27
32 46
19 103
4 4
14 14
13 28
8 8
11 9
11 11
8 2
23 23
1 17
14 18
12 12
8 30
41 45
8 27
18 18
15 40
6 6
12 3
8 8
25 10
2 2
18 18
27 90
41 106
14 20
6 113
28 55
8 45
11 103
7 7
38 38
5 46
17 58
26 26
1 1
11 11
13 34
1 20
11 11
13 34
1 1
4 103
24 24
3 15
17 85
11 11
13 34
1 1
4 4
3 3
33 33
10 10
4 9
32 32
28 28
8 79
12 75
17 113
26 26
16 103
12 75
10 10
4 4
4 4
8 27
21 12
2 14
3 12
33 33
1 1
10 52
11 104
6 6
28 89
8 101
14 20
3 5
9 43
39 38
2 105
4 4
22 18
26 12
1 1
17 17
23 34
1 33
11 11
23 34
17 20
5 5
7 7
12 3
8 103
7 47
34 34
4 9
17 17
21 15
2 20
11 4
3 3
33 33
27 27
5 49
1 29
12 29
15 10
7 7
18 18
25 25
6 24
15 12
14 14
27 27
39 38
7 7
6 6
28 28
33 7
4 4
12 26
24 24
15 46
7 7
14 14
13 34
1 1
24 24
15 21
7 82
14 14
13 34
1 107
32 32
36 37
3 40
1 1
32 32
10 48
2 2
13 34
33 33
18 18
23 34
14 14
8 32
26 26
7 7
8 8
13 28
17 1
18 18
6 6
15 23
8 8
11 4
5 39
4 4
2 2
18 18
6 6
15 23
8 8
11 11
5 38
4 4
2 2
18 18
21 21
8 8
18 18
13 28
2 2
5 5
11 30
26 26
14 14
14 35
6 6
18 22
6 6
15 23
14 35
18 18
17 17
13 23
1 1
12 25
24 24
40 10
24 24
28 28
37 37
37 37
26 44
8 2
23 23
22 44
4 4
3 39
4 4
2 2
5 5
17 17
23 34
1 1
2 2
12 12
36 36
5 10
4 4
3 15
4 4
2 4
5 5
7 7
13 38
16 16
36 4
3 6
7 7
14 35
6 6
5 15
1 1
36 36
3 42
7 7
14 35
6 6
5 15
1 33
36 37
3 25
7 7
14 43
6 6
5 23
1 1
27 27
41 25
14 35
24 24
19 19
2 2
5 39
17 17
10 10
4 4
32 32
28 28
8 8
12 25
10 10
4 4
32 32
28 28
8 36
12 26
32 32
14 35
6 6
18 18
27 27
6 6
34 38
4 4
27 27
6 6
34 34
4 4
11 11
34 34
17 17
5 39
36 36
3 15
8 8
3 15
1 17
36 36
3 41
8 36
3 15
1 85
32 32
34 34
14 14
37 37
25 38
7 7
14 7
5 5
2 36
32 32
11 11
3 21
33 33
27 20
5 5
1 1
12 29
1 1
12 21
8 8
13 28
17 1
18 18
10 10
18 16
10 30
4 4
13 28
1 1
4 4
4 11
23 23
1 1
14 14
2 2
6 42
12 12
6 113
28 28
8 23
18 18
19 42
12 12
11 30
7 7
38 38
5 46
27 27
41 25
14 2
32 32
11 9
12 31
7 33
14 2
36 36
3 15
8 8
3 15
1 1
7 20
39 39
1 1
18 99
6 6
15 15
14 4
18 18
10 10
37 37
18 18
24 24
40 40
24 24
3 15
1 1
24 24
3 39
1 33
4 4
3 15
4 4
2 14
4 4
22 18
26 31
1 1
32 32
7 7
10 10
2 36
2 22
36 35
3 15
1 20
11 30
12 31
7 7
36 36
3 15
1 33
11 11
21 21
4 4
6 24
3 15
16 11
5 5
7 20
3 15
4 4
1 5
4 4
17 16
15 38
7 33
7 20
3 15
4 4
1 1
4 4
13 28
1 1
32 32
6 16
13 28
1 47
29 29
15 15
4 4
22 30
7 26
12 26
9 43
29 29
15 34
4 4
22 2
7 16
4 4
13 34
1 33
32 32
1 34
2 4
21 21
4 4
2 8
11 4
12 31
7 7
4 4
17 17
15 38
7 33
32 32
32 69
4 4
28 40
6 6
12 15
17 17
13 13
1 85
12 29
18 18
37 37
39 23
2 30
4 32
3 103
4 4
2 14
5 5
25 55
7 7
14 14
8 8
32 32
32 32
15 15
1 78
1 1
25 55
30 104
23 15
33 85
8 103
29 29
5 26
8 8
13 83
17 18
5 19
1 81
8 8
13 42
17 89
5 85
1 1
11 11
6 6
15 15
1 26
14 2
7 7
10 10
2 35
15 21
7 58
18 18
25 55
32 32
32 32
2 2
32 32
31 73
1 1
25 81
9 113
36 36
3 3
1 59
40 40
4 4
17 7
15 21
7 85
4 4
17 7
15 21
7 47
4 103
17 17
15 21
7 85
4 103
12 3
6 24
3 15
16 103
5 48
18 78
41 39
37 37
7 1
25 81
32 69
10 52
32 32
34 34
14 14
4 4
13 28
1 33
27 79
39 55
7 7
7 7
25 25
32 32
10 23
22 22
7 16
21 21
29 78
13 46
33 33
11 11
23 48
17 47
5 85
7 81
12 3
4 101
28 48
6 23
12 3
7 7
39 39
1 85
11 105
6 6
15 85
1 33
14 105
18 18
19 19
12 15
8 8
13 34
17 17
7 7
8 32
26 19
7 33
36 36
3 15
1 78
2 8
13 34
33 33
4 11
18 18
11 4
7 20
3 25
4 4
1 5
18 18
6 6
15 23
14 37
18 18
13 28
2 2
5 5
18 18
15 40
6 6
12 12
32 32
5 15
7 7
32 32
15 40
1 20
37 37
12 12
22 2
11 11
34 28
17 17
5 34
8 22
23 23
1 1
14 14
24 24
40 5
24 24
28 28
37 37
6 24
3 12
16 103
5 5
2 2
12 12
36 36
5 5
36 4
3 15
1 33
2 2
13 28
33 33
36 36
3 15
1 33
6 17
13 34
1 33
32 32
15 38
7 7
18 18
11 20
3 29
33 33
27 105
5 5
7 20
3 15
4 4
1 5
11 4
12 31
7 38
11 11
18 18
41 41
37 37
29 29
13 38
33 33
32 32
22 30
7 7
7 1
39 34
1 1
27 27
39 38
7 7
18 18
10 10
18 27
14 32
6 7
7 28
25 7
27 27
41 41
14 2
27 45
6 32
14 32
8 45
38 38
11 17
34 28
17 32
5 5
18 18
2 36
6 6
12 15
18 18
41 25
37 37
4 36
8 27
26 7
7 7
6 29
3 5
16 16
5 5
4 4
23 38
1 33
14 30
14 14
34 28
8 47
7 20
38 38
14 14
18 18
10 10
18 18
10 10
18 18
41 5
8 30
27 27
41 25
14 30
14 20
34 28
8 8
6 6
28 28
33 30
32 32
18 18
19 10
12 78
14 22
6 6
8 27
26 25
7 7
6 18
28 28
33 1
27 25
41 3
14 35
32 32
10 10
7 38
25 25
14 30
28 28
27 8
8 8
13 23
1 20
2 30
6 6
12 12
18 11
13 28
2 2
5 5
23 23
22 18
7 28
11 7
26 3
14 35
8 8
21 21
8 8
24 24
28 28
37 37
4 4
28 28
8 2
4 4
6 6
3 15
16 27
5 10
4 4
8 44
12 29
18 18
34 28
4 4
8 27
3 3
2 30
18 18
19 19
7 7
10 10
4 37
4 37
8 8
21 12
2 35
3 43
33 3
27 27
41 12
14 30
11 20
7 7
38 38
5 23
6 24
28 28
33 33
8 24
24 24
10 10
5 45
2 35
17 17
26 31
1 43
27 8
41 3
14 30
1 29
21 37
18 16
5 5
2 30
6 6
12 12
8 32
13 28
17 17
5 28
1 33
17 18
10 10
1 1
21 31
17 1
3 40
9 37
2 11
27 14
7 7
34 28
4 37
4 37
13 28
1 33
2 4
6 6
12 15
22 22
3 3
27 2
18 18
6 6
15 15
8 8
11 11
5 39
4 37
2 30
27 27
21 21
17 33
11 11
13 28
1 33
4 103
24 24
3 15
17 33
18 18
19 7
7 20
36 36
3 33
1 26
7 20
3 3
4 20
1 1
2 2
13 28
33 33
32 9
11 11
21 21
4 37
17 17
14 14
3 5
9 9
39 5
2 105
15 38
7 7
18 18
25 25
2 2
36 36
3 15
1 26
4 37
17 17
15 38
7 33
7 29
3 15
4 4
1 1
7 20
3 3
4 37
1 1
4 103
4 4
22 99
12 12
8 27
11 103
6 6
15 15
1 88
14 105
8 22
23 42
6 69
5 46
2 45
24 24
28 85
1 1
2 2
11 11
13 28
1 85
18 18
11 11
13 28
1 47
4 4
24 24
12 12
2 4
22 8
7 7
21 21
4 4
8 27
26 26
7 19
4 4
23 23
1 1
14 14
4 4
8 8
26 82
7 47
11 103
6 6
15 53
1 33
14 14
7 7
12 12
11 11
8 18
24 6
10 10
5 15
2 2
6 113
10 52
14 35
6 6
10 52
7 1
38 38
14 14
6 6
38 38
1 43
14 14
32 32
6 89
28 107
33 33
14 105
27 35
41 5
14 2
18 11
23 34
14 2
7 81
21 21
8 27
18 18
41 39
37 37
18 18
10 52
18 34
10 34
32 32
5 15
7 7
25 28
11 11
28 28
6 6
3 25
4 4
2 4
6 11
10 10
2 2
7 7
38 38
14 28
14 14
34 28
8 8
18 18
27 14
41 5
14 14
32 32
14 35
13 28
8 8
17 17
38 38
4 103
17 26
26 26
1 33
8 2
23 23
2 35
22 22
3 29
27 26
18 18
17 17
13 13
1 1
12 12
18 18
32 32
27 27
41 1
14 35
14 35
6 6
8 8
14 14
17 1
12 12
2 2
7 7
21 21
8 27
7 7
3 3
8 8
11 4
7 7
38 38
5 46
18 18
10 53
18 18
10 21
6 6
15 12
14 105
27 27
39 15
7 43
32 32
5 15
7 7
25 21
18 99
41 39
37 16
7 20
21 12
8 27
14 35
6 6
10 52
32 32
34 34
14 14
7 7
25 38
6 6
28 34
33 17
14 35
6 6
11 101
26 26
14 114
18 18
13 28
2 104
5 39
17 17
3 15
7 7
8 8
1 1
10 21
11 4
11 20
21 21
4 9
7 7
3 15
4 4
1 85
31 29
1 1
25 25
9 9
7 20
3 15
22 99
4 9
27 18
41 41
14 14
17 83
19 19
1 1
3 15
33 33
24 24
15 25
7 7
14 14
13 28
1 1
24 24
15 25
7 82
14 14
13 28
1 1
1 1
25 25
30 18
23 23
33 1
8 45
29 2
5 26
32 32
31 31
29 31
5 113
34 48
10 23
23 23
17 1
4 103
28 28
6 6
12 3
24 24
15 25
7 7
14 14
13 23
1 43
8 8
23 23
22 99
4 11
28 28
8 8
4 4
37 4
39 23
2 2
14 14
28 28
27 8
32 32
21 21
4 4
38 38
1 1
14 14
7 20
41 15
8 8
4 4
17 17
15 38
7 7
11 103
12 31
7 7
8 8
23 23
6 23
5 23
2 2
4 4
3 15
4 4
2 30
5 5
11 20
23 23
17 17
5 15
7 7
12 3
29 29
13 28
33 1
17 16
26 26
16 43
12 3
15 38
7 105
18 18
32 32
23 23
1 33
14 14
32 29
31 40
29 29
5 108
34 48
29 29
15 15
4 71
22 99
7 7
12 12
9 9
29 29
15 15
4 71
22 99
7 7
12 12
9 9
7 7
6 6
10 21
2 30
32 32
34 34
14 30
23 23
22 89
7 7
15 3
2 2
8 30
41 45
8 8
4 4
17 20
26 17
1 17
