8 28
13 48
17 85
5 85
1 85
8 69
13 23
17 85
18 113
10 53
18 59
10 15
4 69
7 20
10 4
11 103
27 101
39 89
4 4
3 31
33 33
17 17
26 19
16 16
12 12
11 11
13 28
1 33
18 99
21 25
4 4
18 24
19 46
18 18
21 21
4 4
18 18
19 19
7 48
18 113
21 21
4 4
18 18
19 46
7 7
1 1
25 25
7 9
3 26
4 4
1 47
4 4
17 17
15 28
7 28
4 30
17 6
15 15
7 89
4 30
17 17
15 31
7 48
7 24
3 26
4 11
1 33
8 8
13 23
17 1
32 32
32 32
31 31
29 6
5 29
10 10
4 9
22 18
12 12
8 2
11 4
3 3
1 17
3 3
37 9
29 29
5 6
6 6
21 21
24 6
15 15
7 7
8 8
5 46
17 1
10 52
7 7
10 12
16 30
3 5
1 1
11 11
3 21
1 5
7 82
5 13
1 1
14 35
1 1
25 85
30 2
23 21
33 1
8 103
29 4
5 26
10 10
23 23
17 1
4 9
28 28
6 6
12 12
17 17
10 52
1 88
21 12
17 83
3 75
17 17
10 52
1 33
21 12
17 17
3 31
27 27
41 41
14 105
1 7
10 21
2 8
1 20
10 25
4 4
2 35
5 23
17 83
12 12
2 105
29 35
5 26
27 63
21 86
17 26
27 18
25 55
24 24
3 26
1 1
18 81
21 26
4 85
18 107
19 107
7 55
18 24
13 41
2 103
5 4
36 4
3 31
7 58
14 18
6 6
5 23
1 33
22 22
40 40
7 7
3 3
8 8
8 8
13 5
22 45
1 1
10 21
11 7
7 24
3 3
4 4
1 40
7 71
3 26
4 16
1 4
31 20
4 18
36 37
3 3
1 85
4 103
17 33
15 47
7 7
2 2
13 23
33 33
7 81
41 7
8 8
11 2
21 30
4 18
4 103
11 103
12 75
7 112
4 103
8 38
13 28
17 17
5 19
1 85
18 18
41 107
8 8
2 103
6 6
12 12
40 40
7 7
10 21
11 11
22 107
7 81
34 55
1 33
2 2
6 6
3 7
16 7
5 13
4 9
8 103
24 107
10 52
5 43
2 30
27 39
41 41
14 103
18 1
23 23
14 85
8 8
26 107
32 32
22 79
3 2
27 4
14 30
13 30
8 8
8 32
13 85
1 1
2 103
6 110
12 71
11 85
12 85
7 105
14 103
11 11
12 31
7 112
14 20
36 4
3 26
8 30
3 85
1 33
8 35
21 21
8 8
18 18
15 31
6 6
12 3
7 81
13 13
1 1
36 35
18 58
41 107
8 8
8 8
13 46
17 85
22 26
7 26
21 26
6 24
10 10
2 35
18 47
17 83
13 13
1 1
12 3
10 10
4 16
32 69
28 89
8 79
12 12
4 4
8 8
12 29
18 113
19 113
7 107
27 89
25 97
7 7
18 20
21 12
4 71
18 101
19 48
7 82
18 47
34 34
4 4
8 27
3 26
2 103
18 113
19 89
7 7
4 103
24 24
3 3
17 1
4 103
24 110
3 71
17 85
4 11
24 24
3 26
17 85
11 103
13 83
1 114
17 7
26 78
16 71
12 26
27 101
25 101
7 7
11 11
13 28
1 85
4 103
24 110
3 85
17 85
17 113
26 69
16 81
12 3
18 114
19 19
7 107
18 20
21 12
4 16
18 99
19 19
7 112
4 4
3 31
33 82
4 4
3 26
33 82
18 99
19 112
17 113
29 78
26 112
9 113
3 12
8 8
4 5
8 27
12 29
24 24
3 29
1 33
8 8
13 23
17 17
5 34
1 85
8 2
13 23
17 17
6 6
3 15
16 16
5 34
7 7
10 21
11 16
6 6
28 46
8 8
17 17
6 6
10 21
2 2
32 32
4 11
28 28
11 9
2 30
7 29
25 55
7 20
18 32
18 18
15 15
4 4
2 103
32 32
23 23
2 2
8 8
25 38
2 30
18 18
15 40
7 5
2 30
37 103
24 24
28 28
37 104
17 17
13 15
1 1
12 21
24 24
40 40
11 11
3 3
2 2
37 37
4 103
28 28
8 8
4 4
8 8
25 38
2 73
37 37
39 15
2 2
17 7
29 29
26 26
9 16
3 15
8 8
17 17
26 26
16 16
12 12
17 17
26 3
16 9
12 12
17 114
26 85
16 35
12 21
17 1
26 25
16 16
12 12
18 22
23 38
14 2
7 29
25 33
32 32
7 20
4 32
28 28
11 4
2 2
32 32
34 34
14 8
32 32
34 23
14 35
18 6
10 21
18 17
10 21
22 20
7 7
4 4
22 18
12 12
8 8
4 4
4 4
21 40
4 4
7 7
3 105
22 20
4 4
11 11
21 21
4 9
36 36
3 15
1 1
22 22
34 28
2 36
12 21
22 34
34 34
2 36
12 21
22 18
34 34
2 36
12 21
7 82
8 27
13 28
17 17
5 34
1 85
4 4
3 3
33 33
27 8
25 39
7 7
18 18
34 28
4 4
8 35
3 5
2 45
18 22
19 28
7 25
2 35
12 12
36 36
5 5
1 1
21 34
18 18
5 34
29 29
13 23
33 33
18 18
41 28
8 8
7 7
39 23
1 1
8 8
13 23
17 17
5 34
1 33
4 4
12 12
2 2
6 44
12 12
7 7
21 3
8 7
6 32
28 38
8 8
22 20
7 7
21 31
18 18
41 19
37 104
6 6
3 15
16 16
5 5
6 6
38 38
1 33
14 2
27 27
41 41
14 14
7 1
8 32
13 23
17 17
18 18
41 28
8 8
6 6
28 28
8 79
6 23
3 23
16 16
5 34
7 7
10 21
2 35
22 22
7 7
34 34
1 34
2 4
4 4
12 12
7 29
21 12
8 2
14 35
34 28
8 8
32 32
34 34
14 36
4 11
28 28
6 6
10 21
2 36
18 22
23 39
14 2
32 32
18 22
23 34
14 30
27 27
41 3
14 2
4 11
28 28
11 4
2 2
32 69
34 34
14 2
32 69
34 34
14 36
6 6
38 38
1 33
14 35
7 7
14 35
34 28
8 8
6 6
10 21
2 35
7 7
8 8
24 24
10 52
5 3
2 35
37 37
12 12
22 30
22 22
3 12
27 35
37 37
39 39
2 16
8 8
25 38
2 36
18 24
19 19
12 12
8 8
13 34
17 9
4 4
8 8
26 19
7 19
7 7
39 34
1 1
17 17
10 38
1 29
21 31
17 24
3 12
9 16
27 27
39 19
7 41
15 65
7 27
18 27
25 15
6 6
10 21
2 35
6 4
15 4
14 16
18 18
41 34
8 79
6 32
10 38
2 4
11 32
6 6
15 15
1 1
14 79
6 18
15 31
14 2
8 32
23 23
22 2
32 32
23 23
2 2
18 36
21 35
18 3
12 3
22 20
7 7
21 12
36 36
3 44
7 19
14 16
6 7
5 85
1 26
7 4
3 2
22 4
4 4
2 36
13 40
4 4
28 15
11 11
2 4
24 24
15 15
2 2
4 4
23 23
1 43
14 35
18 34
41 28
8 85
32 37
21 12
4 103
21 21
4 2
22 27
12 12
8 8
18 99
10 21
18 18
10 21
8 8
13 23
17 1
18 23
10 21
18 18
17 17
3 29
7 31
8 27
7 85
3 3
8 2
7 7
39 23
1 85
4 4
21 21
6 6
10 21
2 2
18 24
19 7
12 15
11 2
28 28
6 6
3 39
4 4
2 45
6 6
28 28
33 7
14 14
28 28
27 90
8 8
15 3
2 103
8 8
13 23
2 2
15 3
2 2
17 17
13 53
1 12
12 12
8 8
13 23
17 7
5 19
1 85
24 24
3 24
1 24
11 6
13 23
1 33
17 20
23 38
1 12
17 17
7 37
3 4
22 44
4 2
18 20
10 36
18 32
10 21
22 5
7 5
21 5
22 103
7 40
21 16
2 35
27 24
25 95
32 32
15 15
1 47
36 32
3 32
8 6
3 25
1 33
8 8
21 21
8 23
8 8
23 23
1 1
14 14
12 12
11 4
26 5
14 69
22 43
15 3
2 36
7 7
3 21
8 8
36 35
3 26
7 85
14 14
6 7
5 32
1 23
29 78
13 28
33 23
8 8
13 28
22 8
27 62
21 26
17 26
18 18
10 28
17 17
13 23
1 1
12 26
8 8
23 23
22 105
32 4
23 32
2 32
8 8
13 23
17 33
5 28
1 1
32 59
25 85
17 30
6 45
10 5
2 5
18 1
19 17
12 12
4 104
28 4
6 4
12 32
18 17
10 47
18 47
10 86
6 6
15 13
14 32
32 36
5 32
7 7
25 46
18 81
10 81
18 81
10 18
22 32
7 24
21 21
18 17
19 29
12 7
11 14
6 41
15 85
1 85
14 1
8 8
13 23
17 1
5 5
1 1
7 12
39 12
1 33
18 17
10 19
18 7
10 7
4 8
22 8
12 89
8 46
6 24
15 12
14 14
8 69
13 5
17 17
5 17
1 17
32 32
25 5
17 7
18 17
19 19
12 7
18 18
19 107
12 43
4 11
28 19
8 8
4 45
24 24
40 75
17 24
13 5
1 1
12 1
11 47
3 69
2 5
17 24
13 5
1 17
12 12
8 20
25 1
2 5
22 22
7 7
21 21
18 59
10 47
24 17
28 14
37 37
8 8
13 23
17 17
4 4
21 21
27 12
39 40
7 5
18 24
19 7
12 12
8 8
13 23
17 1
4 4
22 44
12 12
8 30
4 4
21 25
18 34
41 41
8 30
8 8
13 19
17 6
5 85
1 85
22 44
7 7
21 12
32 32
25 7
17 1
18 34
10 52
18 22
10 25
7 7
39 15
1 1
40 7
7 24
21 15
8 2
4 11
13 23
1 26
6 24
38 39
1 33
14 2
27 18
41 7
14 32
32 32
10 7
11 4
3 4
2 4
4 103
28 28
8 104
4 4
37 37
26 31
18 41
15 7
7 7
2 16
18 78
15 15
7 7
2 16
4 4
28 41
8 8
4 4
37 37
26 44
11 2
3 4
2 27
24 24
40 40
18 24
19 7
12 71
8 8
13 23
17 1
5 48
1 17
8 8
13 23
17 17
4 4
28 46
8 8
4 4
24 24
28 19
37 37
32 32
5 15
7 78
25 7
18 20
28 34
14 85
12 1
11 17
26 33
14 4
4 4
3 5
33 33
18 18
23 40
14 15
8 27
13 23
17 45
6 24
10 10
2 4
32 32
25 56
17 17
6 6
15 12
14 2
18 18
41 46
8 8
4 4
22 18
12 3
8 8
27 16
41 45
14 14
32 32
34 28
14 8
6 5
28 107
33 113
24 6
40 31
32 35
31 7
18 18
10 10
18 18
8 27
13 28
17 17
22 18
7 7
4 4
21 21
8 8
13 28
17 17
4 4
14 30
6 6
3 71
33 33
8 8
8 8
13 5
17 17
5 19
1 25
11 11
21 21
4 9
11 3
21 26
4 37
4 4
32 32
5 41
7 7
25 7
8 69
13 28
17 17
22 18
7 7
21 25
18 17
41 24
8 3
22 14
7 7
21 12
40 40
14 28
6 6
10 23
6 6
10 10
2 2
17 17
13 23
1 7
12 12
8 8
23 39
22 20
18 32
15 15
7 33
2 22
4 103
28 28
8 20
4 4
18 6
15 39
7 1
2 44
34 28
17 7
32 32
40 32
34 81
17 1
1 29
25 25
9 37
31 29
7 24
41 7
8 8
7 71
3 3
22 79
4 4
36 36
3 38
1 26
32 11
31 60
32 69
31 31
4 30
17 7
15 26
7 1
36 36
12 12
8 30
11 11
21 21
4 4
4 4
4 4
28 34
11 4
2 2
32 3
15 15
1 26
17 16
8 27
24 20
37 4
24 16
3 31
1 26
4 4
13 10
1 16
4 4
22 18
12 12
8 2
18 49
23 85
14 105
14 107
6 48
10 78
27 107
41 99
14 47
8 101
26 107
7 112
14 103
6 48
10 52
4 4
22 18
12 12
8 8
18 7
23 55
14 105
7 82
25 55
32 32
21 32
8 34
13 28
17 17
18 113
15 49
6 89
12 112
4 4
21 12
17 113
13 55
1 81
12 112
8 8
13 55
17 107
18 89
10 52
18 52
10 71
37 103
28 46
22 45
11 103
12 75
7 113
14 89
18 49
23 85
14 105
24 89
15 105
2 20
32 69
34 48
14 45
8 103
26 107
7 112
7 24
25 81
18 18
10 52
18 18
22 8
7 7
21 21
18 24
19 19
12 12
24 107
28 93
37 37
8 8
25 8
2 32
4 36
8 79
12 29
7 82
13 48
16 85
17 17
23 38
1 43
17 83
23 52
1 107
4 69
3 69
4 103
2 78
5 49
25 90
7 85
14 85
22 20
7 7
21 21
14 103
3 59
9 103
39 49
2 59
17 81
3 111
7 107
8 105
7 113
3 69
4 39
1 39
7 24
3 69
4 47
1 85
4 4
28 28
6 6
12 12
7 24
3 105
22 8
4 37
7 81
41 107
8 13
22 44
7 32
27 27
39 19
7 44
4 37
4 37
12 12
7 6
39 23
1 85
7 24
10 21
11 16
4 11
13 34
1 33
18 18
24 24
15 21
2 36
4 4
8 8
26 5
7 19
27 27
41 26
14 30
6 6
6 6
38 42
1 107
14 30
8 20
26 29
7 29
7 6
10 10
11 16
8 20
26 29
7 26
4 4
28 28
11 4
2 4
32 32
15 12
1 1
7 7
13 10
1 33
36 36
8 36
21 21
8 8
23 13
22 22
7 5
15 12
2 2
24 24
14 27
6 6
10 21
18 17
24 24
40 40
18 20
15 3
7 7
2 16
37 37
18 41
15 15
7 7
2 2
18 20
15 31
7 7
2 2
36 36
10 10
7 7
14 2
22 23
15 15
2 2
8 32
26 46
36 2
10 21
7 7
14 2
17 1
21 12
8 36
8 8
13 23
22 22
32 32
5 15
7 7
25 19
17 24
12 12
2 73
22 22
15 13
22 32
5 46
17 18
22 32
1 1
10 21
4 4
22 25
26 12
1 85
8 8
13 23
1 1
2 14
6 6
12 12
8 8
13 23
17 17
4 103
4 4
8 79
26 26
7 107
4 4
8 8
26 39
7 28
2 36
25 26
18 32
23 23
8 8
2 36
25 26
34 13
17 17
18 27
28 19
14 14
12 3
15 15
7 5
18 27
25 7
7 7
15 21
27 20
9 4
15 31
7 1
18 18
25 44
8 8
26 5
7 44
1 1
12 3
6 6
13 23
1 1
2 36
6 6
12 12
11 11
28 44
6 6
3 2
4 4
2 35
7 7
12 12
11 16
6 18
28 111
8 45
11 11
7 7
38 28
5 5
4 103
13 28
1 1
17 13
26 1
1 20
4 37
7 6
21 21
8 30
7 6
10 10
11 16
11 11
13 28
1 33
18 18
21 21
4 37
18 17
19 89
4 32
3 26
33 33
17 17
29 59
26 5
9 30
3 12
8 8
2 35
13 23
33 1
4 4
38 38
1 82
14 35
4 2
17 17
15 38
7 34
1 1
25 39
1 1
25 34
17 107
26 107
16 18
12 3
27 27
21 31
17 33
1 32
13 23
7 25
22 32
34 34
2 36
12 12
27 27
21 34
17 85
27 1
21 85
17 85
4 103
28 28
11 4
2 2
10 10
4 16
4 4
8 35
21 3
2 35
3 29
33 33
1 8
13 29
7 3
14 14
6 6
10 10
6 32
32 32
34 34
14 8
11 11
34 34
17 1
5 5
8 2
23 23
2 2
7 7
39 48
1 85
8 2
21 21
8 30
8 8
23 23
1 1
14 35
12 12
15 12
2 36
8 8
23 23
22 22
18 18
10 52
17 6
13 13
1 1
12 71
18 18
41 107
8 8
24 6
40 40
37 37
26 26
8 8
23 23
22 44
24 24
28 13
37 37
18 18
10 10
24 6
40 40
4 45
8 27
26 44
7 39
8 8
13 28
17 17
5 49
1 23
8 30
13 85
17 113
5 48
1 85
32 107
5 107
7 85
25 1
7 89
10 81
11 107
17 24
26 107
1 69
7 24
41 82
8 8
7 18
28 28
33 17
2 26
26 26
22 44
7 7
12 29
9 26
23 23
22 16
7 33
21 35
35 37
36 5
26 4
9 4
22 32
3 26
27 26
21 15
35 35
22 29
3 3
27 27
2 35
26 26
23 10
22 44
7 44
7 75
28 46
33 46
22 30
3 26
27 69
36 4
26 12
9 71
22 103
7 7
12 59
9 78
2 35
26 114
7 1
28 7
33 12
7 75
41 44
8 20
15 7
7 7
3 5
11 32
5 32
1 26
2 2
23 18
22 32
7 28
18 59
21 21
4 4
18 78
19 26
7 7
22 8
7 7
12 29
9 9
7 7
41 19
8 27
23 23
22 32
7 7
