15 10
7 85
8 1
15 18
7 7
8 7
15 82
7 81
8 59
15 4
7 4
8 4
15 26
7 26
8 2
15 28
7 78
8 2
15 41
7 41
8 41
15 25
7 85
8 85
15 26
7 26
8 2
15 15
7 1
8 15
18 18
41 41
8 27
18 32
34 15
4 7
8 7
3 28
2 6
18 69
19 78
7 85
31 4
32 6
40 38
4 16
8 16
26 6
7 5
11 32
12 89
7 7
36 11
3 89
1 85
29 4
15 2
4 4
22 4
7 4
12 4
9 4
22 4
7 6
12 6
9 45
18 20
21 32
4 4
18 4
19 32
7 4
17 45
13 3
33 3
8 3
12 3
36 107
26 107
9 7
21 4
35 4
15 5
7 5
3 103
11 4
5 4
1 45
2 105
7 46
28 46
33 81
32 8
23 101
1 5
14 44
18 99
19 45
12 45
17 47
26 45
1 45
14 3
28 45
27 18
4 2
28 4
6 4
12 4
22 2
7 2
21 45
4 18
28 99
6 18
12 18
18 11
41 28
8 28
1 29
13 26
7 26
24 7
15 29
7 29
14 7
13 7
1 7
24 20
5 20
14 79
29 6
5 5
7 6
10 7
8 28
4 4
13 28
17 46
17 8
19 8
24 23
5 23
14 16
29 4
5 3
7 2
10 105
8 14
4 2
13 5
17 23
17 32
19 32
10 18
4 5
4 16
8 105
21 47
2 45
3 45
33 3
24 24
28 1
1 2
2 16
32 26
25 26
17 26
11 90
13 46
1 45
17 59
26 2
1 18
29 3
5 3
6 24
21 12
24 58
15 15
7 58
8 53
5 25
17 25
27 4
41 4
14 4
12 4
16 4
1 4
3 4
33 4
17 35
29 26
26 31
9 5
3 1
8 79
6 4
38 4
1 4
14 46
4 4
22 4
26 4
1 4
6 8
10 45
2 2
11 101
13 33
1 27
4 105
3 2
33 105
22 2
7 4
21 4
4 5
28 16
6 4
12 4
6 45
15 45
14 45
7 32
10 32
11 45
4 4
13 4
1 4
17 4
26 4
1 4
18 6
41 10
8 23
2 8
6 4
12 4
4 4
22 45
12 45
8 20
11 4
6 4
15 35
1 35
14 2
4 16
28 18
6 17
12 28
7 7
39 32
1 32
24 23
5 8
14 4
29 4
5 17
7 17
10 10
8 16
4 32
13 6
17 17
17 41
19 19
24 24
5 13
14 99
29 20
5 32
7 32
10 23
8 16
4 16
13 4
17 4
35 4
26 31
4 7
11 20
3 20
33 20
27 35
5 2
32 33
23 23
1 34
14 16
4 8
28 4
6 4
12 4
7 4
39 2
1 4
18 2
15 32
7 45
2 18
8 44
25 20
2 32
8 36
13 4
2 4
8 8
26 8
7 28
6 26
3 26
16 1
5 4
6 17
28 24
8 28
11 11
28 24
6 42
3 15
4 4
2 4
14 2
26 29
29 29
5 3
24 18
28 28
1 3
2 2
2 35
5 16
22 18
7 26
21 2
24 4
3 12
20 14
13 22
4 4
8 32
13 32
17 4
32 4
31 4
8 32
13 2
17 5
32 5
31 103
14 2
6 35
10 4
6 20
28 20
33 27
27 8
6 34
34 28
4 4
7 6
13 23
1 1
36 1
8 4
13 5
2 16
8 4
13 4
2 36
32 32
23 23
2 8
8 32
23 21
22 16
17 17
13 18
1 6
36 2
12 45
8 2
2 69
21 5
4 3
2 2
10 8
4 38
32 17
28 3
8 15
12 32
29 12
13 26
33 26
22 8
40 40
24 23
19 69
2 8
5 40
22 8
40 15
1 1
10 16
11 16
14 4
3 3
9 11
39 6
2 17
31 18
2 16
13 8
33 4
11 2
21 2
4 103
36 11
3 29
1 26
36 32
12 32
8 2
32 2
23 4
1 4
14 11
6 107
10 107
2 107
6 15
15 15
14 16
7 114
25 85
27 2
41 2
14 36
14 35
3 2
9 103
39 103
2 71
4 2
24 2
12 2
2 4
2 32
21 38
4 6
2 23
11 2
21 4
4 4
1 32
10 28
4 103
2 36
5 5
17 1
12 2
2 4
29 36
5 4
1 2
25 4
30 2
23 23
33 2
8 30
29 29
5 28
1 89
25 7
30 16
23 11
33 37
8 11
29 45
5 30
22 5
15 5
2 30
18 90
15 60
7 8
2 90
32 45
23 28
2 4
18 45
10 23
24 112
4 33
22 7
12 12
8 2
7 85
39 17
1 1
8 2
13 4
17 5
5 5
1 1
4 45
8 38
26 29
7 3
27 29
39 89
7 85
8 17
13 17
17 1
4 1
8 20
26 7
7 28
27 18
39 18
7 7
27 46
39 46
7 69
18 46
41 46
8 7
8 14
13 3
17 1
27 18
39 46
7 5
8 20
13 7
17 41
18 45
15 45
4 32
2 32
18 46
15 85
7 82
2 13
14 45
34 45
8 45
8 78
26 78
7 17
24 101
15 105
2 45
8 47
24 23
10 1
5 1
2 1
14 32
6 29
10 41
32 36
34 45
14 2
1 18
13 20
7 103
14 45
6 11
10 19
18 4
10 4
8 4
23 2
22 32
18 4
10 4
8 11
23 23
22 8
17 103
13 46
1 79
12 27
37 4
28 45
22 4
27 45
39 45
7 5
17 7
26 12
1 33
32 45
23 20
2 2
8 18
23 2
22 4
31 29
24 7
15 85
2 26
11 16
34 16
17 16
5 16
18 18
19 7
12 5
18 11
6 41
15 19
8 105
11 45
5 45
4 20
2 1
6 23
10 103
2 4
32 11
25 38
17 43
32 46
5 81
7 7
25 7
6 6
10 85
2 2
18 11
41 45
8 8
32 8
25 5
17 16
11 18
6 19
15 7
1 7
14 16
6 45
3 45
16 32
5 28
7 4
12 4
11 4
7 45
13 32
1 4
36 4
18 4
41 5
8 20
7 2
39 59
1 71
18 13
19 71
12 71
11 5
26 85
14 16
8 32
13 45
2 45
8 11
25 19
2 8
37 32
39 45
2 45
32 32
23 45
2 45
18 4
15 59
4 4
2 30
18 32
23 4
8 4
15 4
7 4
18 4
25 4
2 45
21 45
4 30
2 30
4 4
22 4
12 4
8 4
8 43
23 26
6 26
5 26
2 44
18 4
6 4
15 4
8 4
11 4
5 4
4 4
2 4
7 17
13 28
1 45
36 36
11 20
26 2
14 2
10 3
4 45
22 18
12 32
8 7
11 15
3 3
1 33
3 35
37 4
1 18
13 22
7 22
4 2
23 4
1 4
14 4
7 63
39 86
1 85
14 34
13 46
8 45
18 14
21 2
4 4
18 2
19 14
7 45
1 4
13 4
7 6
37 32
26 81
