1 1
1 17
1 33
1 1
1 1
1 1
1 1
1 1
1 1
1 1
1 1
1 1
1 3
1 5
1 33
1 1
1 5
1 1
1 1
1 1
1 1
1 1
1 1
1 1
1 16
1 33
1 1
1 85
1 6
1 7
1 1
1 33
1 1
1 1
1 17
1 1
1 1
1 1
1 7
1 1
1 5
1 6
1 15
1 1
1 1
1 1
1 45
1 1
1 1
1 1
2 2
2 22
2 2
2 2
2 2
2 2
2 2
2 16
2 2
2 45
2 2
2 14
2 2
2 2
2 2
2 2
2 11
2 20
2 2
2 2
2 2
2 16
2 2
2 22
2 2
2 2
2 2
2 4
2 43
2 36
2 2
2 2
2 2
2 2
2 22
2 43
2 2
2 2
2 36
2 2
2 45
2 2
2 2
2 2
2 2
2 2
2 35
2 11
2 4
2 2
3 3
3 3
3 3
3 3
3 2
3 3
3 3
3 3
3 39
3 3
3 3
3 45
3 3
3 6
3 3
3 3
3 3
3 29
3 6
3 3
3 3
3 15
3 3
3 3
3 1
3 3
3 16
3 3
3 3
3 5
3 4
3 3
3 3
3 71
3 1
3 15
3 29
3 26
3 3
3 3
3 3
3 3
3 29
3 3
3 3
3 31
3 3
3 45
3 26
3 3
4 4
4 4
4 4
4 4
4 9
4 4
4 4
4 4
4 2
4 2
4 11
4 4
4 45
4 4
4 9
4 16
4 4
4 4
4 4
4 45
4 16
4 11
4 4
4 4
4 4
4 4
4 4
4 4
4 4
4 2
4 4
4 4
4 16
4 9
4 4
4 9
4 9
4 4
4 4
4 4
4 4
4 4
4 4
4 4
4 4
4 4
4 4
4 4
4 11
4 4
5 5
5 85
5 5
5 5
5 26
5 5
5 28
5 15
5 59
5 5
5 5
5 24
5 21
5 9
5 5
5 5
5 5
5 3
5 5
5 5
5 16
5 13
5 1
5 39
5 3
5 25
5 5
5 5
5 29
5 45
5 5
5 29
5 15
5 26
5 5
5 5
5 1
5 6
5 5
5 15
5 6
5 34
5 5
5 5
5 25
5 3
5 5
5 15
5 89
5 15
6 16
6 6
6 6
6 6
6 6
6 6
6 6
6 5
6 16
6 39
6 63
6 6
6 6
6 6
6 6
6 45
6 6
6 6
6 6
6 6
6 6
6 6
6 17
6 6
6 6
6 6
6 6
6 24
6 6
6 6
6 6
6 6
6 6
6 16
6 6
6 6
6 6
6 6
6 6
6 6
6 6
6 6
6 6
6 6
6 16
6 6
6 6
6 6
6 25
6 7
7 4
7 25
7 7
7 7
7 6
7 7
7 5
7 7
7 7
7 7
7 7
7 45
7 7
7 7
7 19
7 7
7 7
7 81
7 12
7 7
7 7
7 33
7 7
7 16
7 28
7 17
7 7
7 2
7 7
7 6
7 7
7 7
7 7
7 7
7 7
7 17
7 7
7 7
7 17
7 85
7 107
7 7
7 7
7 7
7 7
7 7
7 25
7 1
7 7
7 7
8 8
8 8
8 8
8 45
8 27
8 1
8 8
8 8
8 2
8 8
8 8
8 35
8 22
8 8
8 8
8 8
8 8
8 8
8 27
8 16
8 2
8 8
8 1
8 8
8 8
8 8
8 8
8 8
8 8
8 45
8 8
8 8
8 22
8 14
8 1
8 27
8 45
8 8
8 8
8 8
8 2
8 8
8 8
8 2
8 8
8 8
8 69
8 2
8 36
8 44
9 9
9 9
9 9
9 26
9 9
9 45
9 16
9 9
9 1
9 9
9 9
9 9
9 9
9 32
9 9
9 16
9 9
9 9
9 103
9 9
9 16
9 9
9 4
9 9
9 9
9 9
9 9
9 16
9 9
9 83
9 2
9 9
9 4
9 4
9 9
9 9
9 9
9 16
9 9
9 9
9 9
9 43
9 9
9 16
9 9
9 9
9 16
9 9
9 1
9 9
10 10
10 10
10 10
10 10
10 10
10 10
10 28
10 10
10 10
10 10
10 10
10 10
10 23
10 10
10 10
10 10
10 10
10 10
10 4
10 10
10 10
10 10
10 10
10 10
10 10
10 10
10 10
10 10
10 10
10 23
10 28
10 10
10 10
10 10
10 10
10 10
10 10
10 10
10 10
10 10
10 10
10 10
10 10
10 10
10 10
10 10
10 10
10 10
10 28
10 10
11 11
11 16
11 16
11 11
11 16
11 11
11 11
11 45
11 11
11 11
11 11
11 9
11 30
11 11
11 11
11 11
11 11
11 16
11 11
11 11
11 22
11 11
11 11
11 11
11 11
11 4
11 11
11 11
11 11
11 11
11 11
11 11
11 11
11 11
11 11
11 11
11 11
11 11
11 11
11 11
11 11
11 9
11 11
11 16
11 11
11 4
11 11
11 11
11 11
11 11
12 12
12 12
12 12
12 12
12 12
12 12
12 12
12 12
12 12
12 12
12 41
12 41
12 12
12 12
12 12
12 12
12 12
12 12
12 12
12 12
12 12
12 12
12 12
12 12
12 12
12 12
12 12
12 41
12 12
12 12
12 12
12 12
12 12
12 31
12 21
12 12
12 12
12 3
12 12
12 12
12 12
12 26
12 12
12 12
12 12
12 12
12 12
12 12
12 12
12 12
13 2
13 13
13 13
13 10
13 13
13 13
13 13
13 13
13 13
13 101
13 78
13 13
13 39
13 5
13 13
13 13
13 13
13 28
13 1
13 13
13 5
13 71
13 13
13 28
13 13
13 13
13 10
13 1
13 13
13 15
13 41
13 45
13 13
13 12
13 12
13 10
13 13
13 28
13 39
13 34
13 10
13 3
13 13
13 23
13 34
13 41
13 13
13 13
13 23
13 12
14 14
14 1
14 14
14 14
14 17
14 9
14 35
14 14
14 14
14 47
14 14
14 2
14 20
14 18
14 16
14 18
14 11
14 14
14 1
14 35
14 35
14 14
14 1
14 14
14 4
14 2
14 14
14 14
14 14
14 14
14 35
14 14
14 35
14 16
14 14
14 16
14 2
14 14
14 4
14 14
14 20
14 14
14 14
14 27
14 14
14 14
14 14
14 20
14 14
14 14
15 15
15 23
15 21
15 15
15 81
15 15
15 21
15 15
15 15
15 15
15 15
15 15
15 15
15 15
15 15
15 15
15 15
15 15
15 15
15 15
15 4
15 12
15 15
15 15
15 3
15 47
15 15
15 15
15 15
15 15
15 15
15 15
15 15
15 12
15 15
15 45
15 15
15 15
15 15
15 15
15 15
15 81
15 15
15 21
15 15
15 15
15 15
15 15
15 15
15 15
16 16
16 16
16 18
16 9
16 16
16 14
16 16
16 16
16 16
16 16
16 16
16 16
16 30
16 16
16 16
16 16
16 16
16 16
16 16
16 105
16 16
16 16
16 16
16 1
16 5
16 16
16 16
16 16
16 16
16 16
16 16
16 16
16 16
16 16
16 16
16 16
16 16
16 16
16 16
16 16
16 16
16 16
16 20
16 16
16 16
16 16
16 16
16 16
16 16
16 16
17 1
17 17
17 17
17 17
17 17
17 17
17 17
17 1
17 17
17 17
17 45
17 20
17 1
17 1
17 17
17 45
17 1
17 1
17 17
17 17
17 1
17 33
17 17
17 1
17 1
17 114
17 17
17 17
17 17
17 33
17 17
17 33
17 1
17 17
17 17
17 17
17 17
17 17
17 1
17 17
17 17
17 17
17 17
17 17
17 1
17 17
17 17
17 17
17 17
17 17
18 18
18 18
18 18
18 18
18 18
18 18
18 18
18 18
18 18
18 18
18 18
18 18
18 18
18 20
18 18
18 18
18 18
18 18
18 18
18 18
18 27
18 16
18 18
18 18
18 18
18 18
18 18
18 18
18 18
18 18
18 16
18 18
18 18
18 22
18 18
18 18
18 18
18 17
18 20
18 18
18 18
18 18
18 18
18 18
18 18
18 18
18 45
18 17
18 18
18 18
19 28
19 19
19 44
19 34
19 19
19 19
19 19
19 19
19 19
19 19
19 19
19 19
19 19
19 19
19 19
19 19
19 19
19 19
19 19
19 19
19 19
19 19
19 19
19 19
19 5
19 19
19 19
19 19
19 19
19 19
19 19
19 19
19 28
19 44
19 19
19 19
19 19
19 19
19 19
19 19
19 19
19 19
19 19
19 19
19 19
19 19
19 19
19 19
19 19
19 19
20 20
20 14
20 20
20 4
20 20
20 20
20 20
20 20
20 20
20 20
20 20
20 20
20 16
20 20
20 30
20 101
20 4
20 105
20 17
20 20
20 20
20 20
20 20
20 20
20 20
20 20
20 20
20 30
20 45
20 18
20 20
20 20
20 20
20 20
20 30
20 20
20 16
20 20
20 20
20 20
20 20
20 20
20 20
20 20
20 20
20 18
20 18
20 45
20 4
20 20
21 21
21 21
21 21
21 21
21 21
21 21
21 21
21 21
21 12
21 21
21 40
21 21
21 12
21 21
21 21
21 21
21 21
21 10
21 21
21 21
21 34
21 21
21 21
21 21
21 21
21 21
21 21
21 21
21 21
21 7
21 21
21 40
21 21
21 21
21 45
21 21
21 20
21 21
21 21
21 21
21 21
21 21
21 12
21 21
21 21
21 21
21 40
21 43
21 21
21 4
22 22
22 20
22 22
22 18
22 18
22 22
22 8
22 18
22 4
22 22
22 22
22 22
22 22
22 22
22 69
22 45
22 22
22 2
22 22
22 18
22 18
22 22
22 22
22 22
22 11
22 22
22 2
22 11
22 11
22 18
22 32
22 11
22 22
22 45
22 22
22 22
22 32
22 22
22 18
22 2
22 22
22 16
22 2
22 22
22 20
22 32
22 44
22 11
22 22
22 22
23 23
23 15
23 23
23 23
23 23
23 23
23 23
23 52
23 15
23 17
23 23
23 23
23 38
23 23
23 4
23 45
23 45
23 23
23 23
23 15
23 23
23 23
23 23
23 23
23 23
23 10
23 23
23 23
23 3
23 23
23 23
23 23
23 23
23 23
23 23
23 46
23 23
23 23
23 23
23 23
23 23
23 23
23 15
23 23
23 23
23 34
23 23
23 23
23 1
23 23
24 13
24 24
24 45
24 24
24 24
24 24
24 24
24 24
24 24
24 24
24 24
24 17
24 24
24 24
24 20
24 12
24 24
24 24
24 24
24 24
24 24
24 24
24 24
24 24
24 24
24 24
24 24
24 24
24 24
24 24
24 24
24 23
24 24
24 24
24 24
24 24
24 24
24 45
24 18
24 24
24 24
24 24
24 24
24 24
24 24
24 24
24 24
24 24
24 6
24 24
25 25
25 25
25 25
25 25
25 25
25 25
25 25
25 25
25 25
25 25
25 21
25 25
25 25
25 25
25 1
25 25
25 25
25 33
25 25
25 25
25 25
25 5
25 25
25 82
25 45
25 25
25 12
25 26
25 39
25 25
25 25
25 25
25 25
25 25
25 25
25 1
25 15
25 25
25 25
25 25
25 25
25 25
25 25
25 25
25 25
25 17
25 23
25 25
25 25
25 26
26 26
26 12
26 25
26 3
26 26
26 26
26 26
26 4
26 26
26 26
26 26
26 26
26 26
26 12
26 26
26 26
26 26
26 30
26 26
26 26
26 26
26 26
26 29
26 26
26 26
26 26
26 26
26 26
26 26
26 26
26 26
26 26
26 26
26 19
26 26
26 26
26 114
26 26
26 26
26 26
26 26
26 26
26 1
26 26
26 1
26 45
26 26
26 26
26 29
26 26
27 113
27 1
27 1
27 27
27 27
27 18
27 27
27 27
27 27
27 27
27 27
27 27
27 14
27 27
27 27
27 33
27 27
27 1
27 27
27 8
27 4
27 27
27 45
27 8
27 105
27 45
27 27
27 2
27 27
27 27
27 27
27 27
27 27
27 27
27 27
27 27
27 45
27 27
27 27
27 44
27 27
27 27
27 27
27 27
27 18
27 27
27 27
27 18
27 27
27 27
28 28
28 28
28 28
28 28
28 4
28 15
28 28
28 28
28 28
28 28
28 28
28 28
28 28
28 34
28 28
28 28
28 28
28 45
28 28
28 28
28 28
28 28
28 28
28 28
28 28
28 45
28 28
28 28
28 41
28 28
28 16
28 28
28 28
28 28
28 28
28 28
28 28
28 23
28 28
28 28
28 28
28 34
28 28
28 28
28 28
28 28
28 28
28 45
28 23
28 28
29 29
29 29
29 29
29 29
29 29
29 29
29 29
29 29
29 29
29 29
29 29
29 29
29 29
29 29
29 9
29 29
29 29
29 29
29 29
29 29
29 29
29 29
29 11
29 29
29 6
29 29
29 29
29 29
29 29
29 29
29 29
29 29
29 1
29 29
29 31
29 29
29 29
29 12
29 29
29 29
29 29
29 29
29 29
29 29
29 29
29 29
29 29
29 29
29 29
29 29
30 30
30 30
30 30
30 30
30 30
30 16
30 30
30 30
30 30
30 30
30 30
30 30
30 30
30 30
30 30
30 30
30 30
30 30
30 30
30 30
30 30
30 4
30 4
30 30
30 44
30 30
30 30
30 30
30 30
30 30
30 30
30 30
30 44
30 8
30 30
30 30
30 30
30 30
30 30
30 20
30 14
30 44
30 30
30 30
30 30
30 14
30 30
30 2
30 30
30 30
31 31
31 45
31 31
31 31
31 31
31 31
31 31
31 31
31 31
31 31
31 31
31 31
31 31
31 15
31 31
31 31
31 31
31 31
31 31
31 31
31 31
31 31
31 31
31 31
31 31
31 31
31 31
31 29
31 31
31 31
31 31
31 31
31 31
31 31
31 31
31 31
31 31
31 31
31 31
31 31
31 26
31 31
31 31
31 31
31 31
31 31
31 31
31 31
31 31
31 31
32 32
32 32
32 32
32 32
32 24
32 32
32 32
32 32
32 32
32 29
32 32
32 32
32 32
32 32
32 32
32 32
32 32
32 32
32 43
32 32
32 32
32 32
32 32
32 32
32 32
32 32
32 32
32 32
32 11
32 32
32 11
32 30
32 17
32 32
32 32
32 32
32 32
32 32
32 32
32 32
32 32
32 11
32 32
32 32
32 11
32 32
32 32
32 32
32 32
32 32
33 33
33 33
33 33
33 33
33 1
33 33
33 33
33 33
33 33
33 33
33 33
33 33
33 26
33 33
33 1
33 33
33 33
33 33
33 33
33 1
33 33
33 33
33 33
33 16
33 33
33 33
33 33
33 17
33 33
33 33
33 33
33 33
33 33
33 33
33 1
33 33
33 33
33 33
33 33
33 33
33 33
33 33
33 33
33 33
33 85
33 33
33 33
33 33
33 33
33 33
34 34
34 34
34 34
34 34
34 34
34 34
34 7
34 108
34 34
34 34
34 34
34 34
34 34
34 7
34 34
34 34
34 34
34 19
34 34
34 34
34 19
34 34
34 28
34 34
34 34
34 34
34 34
34 34
34 34
34 85
34 34
34 34
34 34
34 34
34 34
34 23
34 34
34 34
34 28
34 34
34 34
34 34
34 34
34 34
34 34
34 34
34 28
34 34
34 24
34 34
35 35
35 45
35 4
35 35
35 35
35 35
35 36
35 35
35 35
35 35
35 35
35 35
35 35
35 1
35 35
35 35
35 35
35 35
35 35
35 35
35 35
35 35
35 45
35 35
35 35
35 35
35 35
35 35
35 35
35 9
35 35
35 35
35 35
35 35
35 35
35 35
35 14
35 35
35 35
35 35
35 35
35 35
35 9
35 35
35 35
35 37
35 35
35 45
35 14
35 35
36 4
36 35
36 36
36 36
36 36
36 35
36 36
36 36
36 36
36 4
36 36
36 22
36 35
36 36
36 36
36 36
36 36
36 36
36 36
36 36
36 36
36 36
36 36
36 4
36 36
36 36
36 2
36 36
36 36
36 36
36 36
36 36
36 36
36 2
36 45
36 35
36 36
36 4
36 45
36 36
36 4
36 36
36 36
36 37
36 35
36 36
36 30
36 36
36 43
36 36
37 37
37 37
37 103
37 37
37 37
37 37
37 30
37 30
37 37
37 37
37 37
37 45
37 37
37 43
37 37
37 37
37 37
37 103
37 37
37 16
37 37
37 37
37 37
37 37
37 37
37 43
37 37
37 37
37 37
37 37
37 37
37 37
37 37
37 37
37 11
37 37
37 37
37 9
37 37
37 37
37 37
37 37
37 37
37 37
37 43
37 37
37 37
37 37
37 37
37 37
38 38
38 39
38 45
38 38
38 23
38 38
38 38
38 38
38 38
38 38
38 45
38 38
38 23
38 38
38 38
38 38
38 38
38 38
38 38
38 38
38 49
38 38
38 28
38 38
38 21
38 23
38 38
38 38
38 38
38 38
38 38
38 40
38 38
38 28
38 23
38 38
38 38
38 23
38 38
38 38
38 38
38 38
38 38
38 34
38 38
38 38
38 38
38 23
38 38
38 38
39 5
39 39
39 39
39 39
39 39
39 39
39 34
39 39
39 39
39 23
39 21
39 15
39 13
39 39
39 39
39 26
39 39
39 39
39 39
39 39
39 5
39 10
39 21
39 39
39 12
39 39
39 5
39 5
39 19
39 39
39 39
39 39
39 39
39 39
39 19
39 15
39 39
39 13
39 5
39 7
39 39
39 44
39 39
39 39
39 39
39 23
39 39
39 39
39 15
39 39
40 5
40 5
40 15
40 40
40 39
40 40
40 40
40 4
40 40
40 40
40 40
40 40
40 40
40 40
40 5
40 40
40 40
40 40
40 40
40 40
40 15
40 28
40 40
40 15
40 40
40 40
40 40
40 40
40 40
40 40
40 40
40 40
40 15
40 40
40 40
40 40
40 40
40 45
40 40
40 40
40 15
40 40
40 40
40 40
40 40
40 39
40 13
40 40
40 15
40 40
41 41
41 41
41 41
41 41
41 41
41 41
41 45
41 41
41 41
41 41
41 41
41 41
41 28
41 41
41 41
41 41
41 41
41 41
41 41
41 41
41 41
41 41
41 41
41 41
41 5
41 19
41 41
41 41
41 5
41 41
41 41
41 41
41 26
41 41
41 28
41 5
41 41
41 41
41 6
41 41
41 41
41 41
41 41
41 15
41 41
41 41
41 5
41 41
41 41
41 5
42 42
42 42
42 42
42 42
42 42
42 42
42 42
42 42
42 12
42 4
42 10
42 42
42 42
42 42
42 42
42 42
42 42
42 42
42 42
42 42
42 10
42 42
42 42
42 42
42 42
42 42
42 42
42 42
42 42
42 42
42 42
42 42
42 42
42 42
42 42
42 42
42 42
42 42
42 10
42 42
42 42
42 42
42 42
42 42
42 42
42 42
42 42
42 42
42 42
42 42
43 43
43 43
43 37
43 43
43 43
43 43
43 43
43 85
43 43
43 43
43 43
43 43
43 21
43 43
43 43
43 20
43 43
43 43
43 43
43 43
43 43
43 43
43 43
43 43
43 43
43 43
43 43
43 43
43 43
43 43
43 43
43 43
43 43
43 43
43 43
43 43
43 43
43 43
43 43
43 43
43 43
43 43
43 45
43 43
43 43
43 43
43 43
43 43
43 43
43 43
44 44
44 44
44 19
44 44
44 82
44 44
44 44
44 44
44 34
44 44
44 44
44 44
44 44
44 44
44 44
44 6
44 44
44 44
44 44
44 44
44 44
44 40
44 44
44 44
44 19
44 44
44 44
44 44
44 44
44 44
44 44
44 44
44 44
44 4
44 44
44 44
44 44
44 44
44 44
44 44
44 1
44 44
44 28
44 44
44 44
44 44
44 44
44 44
44 44
44 28
45 45
45 45
45 45
45 45
45 1
45 45
45 45
45 45
45 4
45 45
45 45
45 45
45 30
45 45
45 45
45 45
45 45
45 11
45 45
45 45
45 45
45 45
45 45
45 4
45 45
45 45
45 45
45 4
45 45
45 45
45 45
45 45
45 45
45 107
45 45
45 45
45 45
45 45
45 18
45 45
45 45
45 45
45 45
45 45
45 11
45 45
45 2
45 45
45 45
45 45
46 46
46 46
46 46
46 47
46 46
46 46
46 47
46 89
46 46
46 46
46 46
46 93
46 46
46 46
46 46
46 46
46 46
46 46
46 46
46 46
46 46
46 46
46 47
46 108
46 89
46 107
46 89
46 46
46 46
46 52
46 89
46 47
46 74
46 46
46 46
46 62
46 46
46 46
46 28
46 46
46 46
46 47
46 46
46 46
46 47
46 46
46 46
46 46
46 46
46 46
47 47
47 47
47 47
47 47
47 47
47 47
47 47
47 47
47 46
47 46
47 47
47 46
47 47
47 6
47 47
47 47
47 62
47 46
47 47
47 47
47 47
47 47
47 90
47 47
47 47
47 47
47 47
47 47
47 46
47 47
47 47
47 47
47 78
47 46
47 49
47 47
47 47
47 49
47 47
47 47
47 47
47 47
47 47
47 47
47 47
47 47
47 47
47 47
47 47
47 47
48 48
48 46
48 48
48 48
48 48
48 48
48 48
48 46
48 46
48 48
48 46
48 48
48 48
48 48
48 48
48 48
48 46
48 48
48 48
48 46
48 48
48 48
48 48
48 48
48 48
48 48
48 48
48 48
48 48
48 48
48 48
48 48
48 48
48 48
48 48
48 48
48 48
48 48
48 48
48 48
48 48
48 48
48 48
48 48
48 48
48 46
48 48
48 48
48 48
48 48
49 49
49 49
49 47
49 49
49 49
49 49
49 49
49 49
49 49
49 49
49 49
49 49
49 49
49 47
49 49
49 49
49 5
49 49
49 49
49 49
49 49
49 49
49 49
49 49
49 49
49 46
49 49
49 49
49 49
49 49
49 53
49 5
49 49
49 49
49 49
49 49
49 49
49 47
49 47
49 49
49 49
49 49
49 49
49 49
49 49
49 49
49 49
49 49
49 47
49 49
52 52
52 52
52 93
52 52
52 93
52 52
52 52
52 52
52 52
52 10
52 52
52 52
52 4
52 52
52 52
52 23
52 52
52 52
52 52
52 52
52 52
52 52
52 52
52 4
52 52
52 93
52 52
52 52
52 52
52 52
52 52
52 93
52 52
52 52
52 52
52 52
52 52
52 52
52 52
52 52
52 52
52 52
52 52
52 52
52 47
52 52
52 52
52 52
52 93
52 52
53 53
53 53
53 53
53 52
53 53
53 53
53 53
53 52
53 52
53 52
53 53
53 53
53 52
53 52
53 52
53 53
53 53
53 52
53 53
53 53
53 53
53 52
53 52
53 46
53 52
53 53
53 52
53 53
53 53
53 53
53 53
53 53
53 53
53 53
53 53
53 53
53 53
53 53
53 53
53 53
53 53
53 53
53 52
53 52
53 53
53 53
53 52
53 25
53 53
53 63
55 46
55 55
55 55
55 55
55 55
55 55
55 55
55 55
55 55
55 55
55 55
55 55
55 55
55 55
55 55
55 55
55 55
55 55
55 55
55 55
55 55
55 55
55 55
55 55
55 55
55 25
55 55
55 55
55 55
55 55
55 55
55 55
55 55
55 55
55 89
55 55
55 55
55 55
55 55
55 55
55 55
55 55
55 55
55 55
55 55
55 55
55 55
55 55
55 55
55 55
56 47
56 56
56 47
56 56
56 56
56 56
56 56
56 46
56 49
56 47
56 47
56 47
56 56
56 93
56 56
56 56
56 49
56 56
56 47
56 56
56 56
56 47
56 56
56 56
56 47
56 56
56 46
56 56
56 47
56 56
56 56
56 56
56 56
56 56
56 93
56 93
56 47
56 47
56 47
56 47
56 7
56 47
56 56
56 49
56 56
56 47
56 56
56 93
56 49
56 47
57 113
57 113
57 113
57 113
57 99
57 99
57 106
57 83
57 99
57 99
57 113
57 113
57 105
57 83
57 113
57 113
57 17
57 107
57 85
57 99
57 99
57 99
57 113
57 113
57 113
57 17
57 99
57 113
57 113
57 113
57 99
57 99
57 83
57 113
57 113
57 99
57 105
57 113
57 17
57 83
57 85
57 113
57 57
57 113
57 113
57 113
57 99
57 113
57 113
57 83
58 58
58 58
58 58
58 58
58 58
58 58
58 58
58 58
58 58
58 45
58 58
58 58
58 58
58 58
58 58
58 58
58 58
58 58
58 58
58 58
58 58
58 58
58 58
58 58
58 58
58 58
58 58
58 58
58 58
58 58
58 58
58 58
58 58
58 58
58 58
58 58
58 58
58 58
58 58
58 58
58 58
58 58
58 58
58 58
58 58
58 58
58 58
58 58
58 58
58 58
59 47
59 59
59 47
59 59
59 90
59 59
59 47
59 59
59 59
59 79
59 47
59 59
59 59
59 59
59 53
59 59
59 59
59 45
59 78
59 103
59 59
59 4
59 59
59 59
59 59
59 59
59 59
59 74
59 59
59 59
59 59
59 26
59 21
59 59
59 114
59 59
59 47
59 59
59 59
59 59
59 47
59 47
59 16
59 59
59 47
59 59
59 59
59 59
59 59
59 59
60 60
60 60
60 60
60 60
60 60
60 60
60 60
60 60
60 60
60 60
60 60
60 60
60 60
60 60
60 47
60 60
60 60
60 60
60 47
60 60
60 60
60 60
60 60
60 60
60 60
60 60
60 49
60 60
60 60
60 60
60 60
60 60
60 60
60 60
60 60
60 60
60 60
60 60
60 60
60 60
60 60
60 60
60 60
60 60
60 72
60 60
60 60
60 49
60 60
60 60
61 73
61 47
61 61
61 49
61 60
61 60
61 73
61 60
61 60
61 49
61 49
61 60
61 47
61 47
61 60
61 60
61 60
61 49
61 60
61 74
61 62
61 47
61 49
61 60
61 60
61 73
61 73
61 49
61 60
61 47
61 73
61 73
61 49
61 73
61 49
61 60
61 61
61 19
61 62
61 61
61 49
61 61
61 1
61 47
61 47
61 47
61 89
61 47
61 61
61 61
62 62
62 59
62 19
62 62
62 62
62 62
62 62
62 62
62 62
62 62
62 62
62 114
62 62
62 62
62 32
62 62
62 49
62 62
62 62
62 62
62 62
62 62
62 62
62 62
62 62
62 5
62 62
62 62
62 62
62 45
62 59
62 24
62 62
62 62
62 114
62 63
62 62
62 59
62 62
62 62
62 62
62 62
62 62
62 49
62 62
62 62
62 62
62 62
62 62
62 62
63 63
63 62
63 63
63 63
63 75
63 63
63 63
63 63
63 63
63 63
63 63
63 63
63 63
63 63
63 63
63 63
63 63
63 63
63 63
63 63
63 63
63 63
63 63
63 63
63 63
63 63
63 63
63 63
63 63
63 63
63 63
63 63
63 4
63 63
63 63
63 63
63 63
63 63
63 63
63 63
63 93
63 63
63 63
63 63
63 63
63 63
63 63
63 75
63 63
63 75
65 65
65 65
65 65
65 65
65 65
65 65
65 4
65 65
65 65
65 65
65 65
65 65
65 65
65 65
65 65
65 65
65 65
65 65
65 46
65 65
65 65
65 65
65 74
65 62
65 65
65 65
65 45
65 65
65 55
65 46
65 65
65 65
65 65
65 65
65 65
65 65
65 114
65 65
65 65
65 65
65 65
65 65
65 65
65 65
65 65
65 65
65 65
65 65
65 65
65 65
66 63
66 63
66 62
66 63
66 66
66 59
66 114
66 63
66 63
66 63
66 63
66 63
66 63
66 63
66 63
66 63
66 63
66 63
66 62
66 63
66 62
66 63
66 63
66 63
66 62
66 63
66 63
66 114
66 63
66 66
66 63
66 63
66 56
66 63
66 63
66 62
66 63
66 63
66 26
66 63
66 66
66 47
66 63
66 63
66 114
66 63
66 62
66 66
66 63
66 60
67 104
67 104
67 67
67 9
67 103
67 103
67 104
67 103
67 104
67 103
67 5
67 103
67 113
67 11
67 9
67 11
67 103
67 11
67 67
67 103
67 103
67 67
67 103
67 103
67 11
67 99
67 113
67 104
67 103
67 30
67 5
67 67
67 67
67 67
67 67
67 1
67 67
67 103
67 16
67 11
67 16
67 103
67 105
67 106
67 104
67 16
67 103
67 103
67 103
67 103
68 79
68 79
68 79
68 68
68 79
68 105
68 79
68 79
68 79
68 79
68 27
68 68
68 79
68 79
68 79
68 79
68 79
68 79
68 79
68 79
68 79
68 79
68 113
68 79
68 79
68 79
68 79
68 79
68 58
68 79
68 79
68 79
68 79
68 68
68 79
68 79
68 79
68 79
68 113
68 79
68 45
68 79
68 68
68 79
68 79
68 79
68 113
68 113
68 68
68 113
69 69
69 69
69 69
69 69
69 69
69 69
69 69
69 69
69 78
69 69
69 69
69 69
69 69
69 69
69 69
69 69
69 69
69 69
69 69
69 69
69 32
69 32
69 69
69 69
69 69
69 69
69 69
69 69
69 69
69 69
69 69
69 69
69 69
69 47
69 69
69 69
69 69
69 69
69 103
69 46
69 69
69 69
69 69
69 103
69 81
69 69
69 79
69 69
69 69
69 69
71 71
71 114
71 71
71 78
71 12
71 85
71 71
71 71
71 71
71 71
71 75
71 78
71 71
71 75
71 71
71 71
71 71
71 75
71 71
71 71
71 71
71 71
71 71
71 71
71 71
71 75
71 75
71 71
71 71
71 15
71 71
71 71
71 71
71 78
71 71
71 78
71 75
71 45
71 71
71 71
71 71
71 71
71 71
71 29
71 1
71 71
71 71
71 29
71 71
71 71
72 73
72 72
72 72
72 59
72 72
72 73
72 73
72 72
72 73
72 73
72 72
72 72
72 72
72 73
72 73
72 73
72 72
72 72
72 73
72 74
72 4
72 73
72 73
72 72
72 72
72 73
72 73
72 73
72 73
72 78
72 72
72 74
72 72
72 72
72 72
72 72
72 72
72 72
72 72
72 71
72 72
72 73
72 72
72 72
72 72
72 73
72 72
72 72
72 72
72 72
73 73
73 73
73 73
73 73
73 73
73 73
73 4
73 73
73 73
73 73
73 73
73 73
73 73
73 73
73 4
73 74
73 1
73 73
73 73
73 49
73 73
73 73
73 73
73 73
73 73
73 73
73 73
73 73
73 73
73 73
73 73
73 73
73 73
73 73
73 73
73 74
73 73
73 74
73 73
73 73
73 74
73 73
73 73
73 73
73 73
73 45
73 73
73 73
73 73
73 73
74 74
74 74
74 74
74 74
74 74
74 74
74 74
74 74
74 74
74 74
74 74
74 74
74 45
74 74
74 74
74 74
74 74
74 74
74 74
74 74
74 74
74 74
74 73
74 74
74 74
74 74
74 74
74 74
74 74
74 74
74 74
74 73
74 74
74 74
74 74
74 73
74 74
74 74
74 74
74 74
74 74
74 74
74 74
74 74
74 74
74 48
74 74
74 74
74 74
74 74
75 75
75 75
75 75
75 75
75 62
75 75
75 75
75 75
75 71
75 75
75 75
75 71
75 75
75 75
75 75
75 75
75 75
75 75
75 75
75 75
75 75
75 75
75 75
75 75
75 75
75 75
75 75
75 75
75 75
75 75
75 75
75 24
75 75
75 75
75 75
75 75
75 75
75 75
75 75
75 75
75 75
75 75
75 75
75 75
75 34
75 4
75 71
75 75
75 75
75 75
76 72
76 62
76 76
76 31
76 75
76 31
76 76
76 31
76 29
76 31
76 29
76 31
76 4
76 31
76 74
76 89
76 95
76 31
76 74
76 31
76 75
76 76
76 31
76 72
76 76
76 75
76 76
76 72
76 76
76 31
76 72
76 76
76 16
76 76
76 29
76 114
76 62
76 75
76 89
76 31
76 76
76 76
76 76
76 74
76 76
76 29
76 62
76 76
76 89
76 75
78 78
78 78
78 78
78 78
78 78
78 78
78 78
78 78
78 78
78 78
78 78
78 78
78 78
78 78
78 78
78 78
78 78
78 105
78 78
78 78
78 78
78 78
78 78
78 78
78 28
78 78
78 78
78 78
78 78
78 1
78 78
78 78
78 78
78 78
78 78
78 78
78 78
78 78
78 45
78 78
78 78
78 78
78 78
78 78
78 78
78 78
78 78
78 78
78 78
78 78
79 79
79 79
79 27
79 79
79 79
79 79
79 79
79 79
79 79
79 79
79 79
79 79
79 79
79 79
79 79
79 79
79 79
79 79
79 79
79 99
79 79
79 79
79 79
79 79
79 79
79 79
79 79
79 79
79 79
79 79
79 99
79 79
79 79
79 79
79 79
79 79
79 79
79 5
79 101
79 79
79 79
79 79
79 79
79 79
79 79
79 79
79 79
79 79
79 79
79 79
80 79
80 80
80 80
80 79
80 80
80 80
80 80
80 80
80 80
80 80
80 80
80 79
80 80
80 80
80 80
80 80
80 80
80 79
80 79
80 80
80 80
80 80
80 80
80 80
80 79
80 79
80 80
80 80
80 80
80 80
80 80
80 80
80 80
80 80
80 80
80 80
80 80
80 80
80 80
80 79
80 79
80 80
80 79
80 80
80 80
80 80
80 80
80 80
80 80
80 80
81 113
81 89
81 81
81 81
81 81
81 81
81 81
81 81
81 81
81 58
81 81
81 81
81 81
81 82
81 33
81 81
81 101
81 81
81 81
81 82
81 83
81 82
81 81
81 81
81 113
81 81
81 81
81 113
81 81
81 81
81 81
81 81
81 113
81 81
81 81
81 81
81 81
81 83
81 101
81 82
81 81
81 81
81 113
81 89
81 81
81 81
81 89
81 81
81 81
81 58
82 82
82 82
82 82
82 82
82 81
82 82
82 82
82 82
82 82
82 82
82 85
82 82
82 82
82 82
82 82
82 82
82 82
82 82
82 82
82 82
82 82
82 82
82 82
82 82
82 82
82 81
82 82
82 82
82 81
82 82
82 82
82 82
82 82
82 82
82 82
82 82
82 82
82 45
82 82
82 82
82 82
82 82
82 82
82 113
82 82
82 82
82 82
82 82
82 82
82 83
83 83
83 83
83 83
83 83
83 83
83 83
83 83
83 83
83 83
83 83
83 83
83 83
83 83
83 83
83 85
83 85
83 85
83 83
83 113
83 83
83 83
83 83
83 83
83 83
83 83
83 83
83 83
83 83
83 83
83 83
83 83
83 85
83 83
83 113
83 83
83 83
83 83
83 83
83 83
83 83
83 83
83 83
83 83
83 83
83 83
83 83
83 83
83 83
83 83
83 83
84 84
84 84
84 88
84 83
84 84
84 84
84 84
84 83
84 84
84 84
84 83
84 83
84 84
84 83
84 83
84 84
84 84
84 83
84 16
84 84
84 84
84 84
84 84
84 83
84 84
84 83
84 83
84 83
84 83
84 84
84 83
84 84
84 83
84 83
84 83
84 84
84 83
84 84
84 83
84 84
84 84
84 84
84 83
84 84
84 84
84 84
84 83
84 83
84 84
84 83
85 85
85 45
85 85
85 69
85 85
85 85
85 88
85 58
85 107
85 85
85 85
85 85
85 85
85 85
85 85
85 85
85 85
85 85
85 85
85 85
85 85
85 85
85 85
85 85
85 85
85 85
85 107
85 85
85 85
85 85
85 85
85 85
85 85
85 85
85 83
85 45
85 13
85 85
85 85
85 85
85 85
85 85
85 85
85 85
85 85
85 85
85 85
85 85
85 20
85 85
86 86
86 85
86 33
86 86
86 86
86 85
86 107
86 85
86 86
86 86
86 86
86 85
86 86
86 85
86 85
86 85
86 86
86 85
86 85
86 86
86 85
86 86
86 86
86 86
86 85
86 85
86 86
86 85
86 86
86 85
86 85
86 85
86 86
86 86
86 86
86 86
86 85
86 85
86 113
86 86
86 86
86 86
86 86
86 86
86 86
86 85
86 86
86 85
86 85
86 85
87 85
87 83
87 88
87 88
87 88
87 83
87 58
87 83
87 82
87 107
87 85
87 85
87 88
87 88
87 83
87 83
87 88
87 88
87 85
87 85
87 85
87 83
87 85
87 85
87 85
87 83
87 88
87 81
87 88
87 78
87 83
87 82
87 83
87 83
87 88
87 83
87 88
87 88
87 88
87 88
87 85
87 83
87 85
87 88
87 88
87 88
87 88
87 85
87 88
87 88
88 83
88 88
88 88
88 88
88 78
88 88
88 83
88 88
88 88
88 88
88 88
88 88
88 88
88 88
88 88
88 88
88 88
88 88
88 88
88 88
88 88
88 88
88 85
88 88
88 88
88 85
88 88
88 88
88 88
88 88
88 88
88 88
88 88
88 88
88 88
88 88
88 88
88 85
88 88
88 85
88 88
88 88
88 88
88 88
88 88
88 88
88 88
88 88
88 88
88 88
89 89
89 89
89 89
89 89
89 89
89 112
89 89
89 89
89 89
89 89
89 89
89 89
89 46
89 89
89 89
89 89
89 46
89 89
89 89
89 89
89 89
89 19
89 89
89 89
89 89
89 89
89 47
89 89
89 46
89 89
89 46
89 89
89 89
89 89
89 89
89 89
89 89
89 103
89 89
89 89
89 89
89 107
89 89
89 89
89 46
89 90
89 89
89 89
89 89
89 89
90 90
90 90
90 90
90 90
90 90
90 5
90 107
90 90
90 90
90 90
90 90
90 90
90 62
90 90
90 90
90 90
90 90
90 90
90 90
90 59
90 90
90 47
90 47
90 90
90 90
90 90
90 90
90 90
90 62
90 47
90 90
90 90
90 89
90 90
90 90
90 93
90 90
90 90
90 90
90 90
90 93
90 90
90 90
90 90
90 90
90 90
90 90
90 45
90 90
90 90
91 89
91 108
91 48
91 48
91 93
91 48
91 48
91 46
91 48
91 89
91 52
91 48
91 89
91 48
91 46
91 108
91 48
91 46
91 46
91 48
91 48
91 48
91 48
91 46
91 108
91 108
91 48
91 46
91 108
91 45
91 48
91 108
91 48
91 48
91 48
91 48
91 108
91 48
91 46
91 46
91 46
91 46
91 108
91 93
91 19
91 108
91 89
91 46
91 93
91 93
93 93
93 93
93 93
93 93
93 93
93 93
93 93
93 93
93 93
93 93
93 19
93 93
93 93
93 93
93 93
93 42
93 93
93 93
93 93
93 93
93 93
93 52
93 89
93 93
93 93
93 34
93 93
93 93
93 93
93 93
93 93
93 93
93 93
93 93
93 93
93 93
93 93
93 93
93 93
93 93
93 93
93 93
93 93
93 45
93 93
93 93
93 93
93 89
93 93
93 93
95 89
95 95
95 89
95 95
95 95
95 34
95 89
95 95
95 89
95 95
95 95
95 95
95 89
95 95
95 95
95 95
95 48
95 89
95 95
95 48
95 72
95 95
95 112
95 48
95 95
95 89
95 95
95 89
95 48
95 95
95 112
95 95
95 89
95 89
95 89
95 95
95 89
95 89
95 95
95 89
95 89
95 95
95 95
95 89
95 48
95 95
95 95
95 89
95 89
95 89
97 55
97 89
97 55
97 97
97 97
97 44
97 97
97 97
97 55
97 89
97 55
97 107
97 55
97 97
97 55
97 97
97 97
97 55
97 55
97 89
97 112
97 55
97 89
97 89
97 107
97 55
97 97
97 55
97 89
97 89
97 55
97 55
97 97
97 97
97 89
97 97
97 93
97 107
97 89
97 55
97 107
97 89
97 26
97 89
97 89
97 28
97 107
97 107
97 93
97 89
98 25
98 63
98 93
98 59
98 114
98 47
98 93
98 93
98 62
98 98
98 63
98 93
98 93
98 63
98 93
98 114
98 98
98 62
98 114
98 25
98 4
98 93
98 98
98 63
98 93
98 62
98 47
98 98
98 93
98 63
98 25
98 93
98 63
98 114
98 25
98 39
98 98
98 98
98 114
98 98
98 93
98 98
98 59
98 25
98 63
98 60
98 93
98 98
98 98
98 98
99 99
99 99
99 105
99 106
99 99
99 99
99 99
99 99
99 99
99 99
99 79
99 99
99 99
99 99
99 99
99 99
99 99
99 105
99 99
99 105
99 99
99 105
99 99
99 99
99 99
99 99
99 105
99 99
99 99
99 99
99 99
99 99
99 99
99 99
99 99
99 99
99 99
99 99
99 99
99 99
99 99
99 106
99 99
99 99
99 99
99 99
99 99
99 99
99 83
99 99
100 99
100 99
100 106
100 99
100 106
100 99
100 106
100 99
100 99
100 80
100 99
100 99
100 99
100 106
100 100
100 99
100 99
100 106
100 100
100 100
100 99
100 99
100 106
100 106
100 99
100 99
100 99
100 99
100 106
100 99
100 100
100 106
100 106
100 99
100 100
100 99
100 106
100 99
100 99
100 106
100 99
100 106
100 99
100 99
100 99
100 99
100 99
100 106
100 99
100 99
101 46
101 101
101 101
101 1
101 101
101 113
101 85
101 101
101 101
101 101
101 101
101 101
101 58
101 101
101 101
101 85
101 101
101 101
101 101
101 101
101 101
101 101
101 39
101 101
101 101
101 101
101 101
101 101
101 101
101 101
101 101
101 101
101 101
101 101
101 101
101 101
101 101
101 45
101 101
101 101
101 101
101 101
101 101
101 101
101 101
101 101
101 101
101 101
101 101
101 101
102 101
102 102
102 102
102 102
102 102
102 102
102 102
102 102
102 101
102 102
102 102
102 102
102 102
102 102
102 102
102 102
102 102
102 102
102 101
102 102
102 101
102 102
102 102
102 102
102 102
102 102
102 85
102 102
102 102
102 102
102 102
102 104
102 102
102 101
102 102
102 102
102 102
102 102
102 102
102 102
102 102
102 101
102 102
102 102
102 102
102 88
102 102
102 102
102 102
102 102
103 30
103 103
103 103
103 103
103 103
103 103
103 103
103 103
103 103
103 103
103 103
103 103
103 104
103 103
103 103
103 103
103 103
103 103
103 103
103 103
103 103
103 103
103 103
103 103
103 104
103 103
103 103
103 2
103 103
103 103
103 103
103 103
103 104
103 103
103 103
103 103
103 103
103 103
103 103
103 103
103 103
103 103
103 103
103 103
103 103
103 103
103 103
103 103
103 103
103 103
104 104
104 104
104 103
104 104
104 104
104 103
104 104
104 104
104 104
104 104
104 103
104 104
104 104
104 104
104 104
104 104
104 103
104 104
104 104
104 104
104 103
104 104
104 104
104 104
104 104
104 104
104 104
104 104
104 104
104 104
104 104
104 103
104 104
104 103
104 103
104 104
104 104
104 104
104 104
104 104
104 104
104 104
104 104
104 104
104 104
104 104
104 105
104 104
104 104
104 104
105 105
105 105
105 105
105 99
105 105
105 106
105 105
105 105
105 105
105 105
105 105
105 105
105 105
105 105
105 105
105 1
105 105
105 105
105 105
105 99
105 58
105 105
105 105
105 105
105 105
105 105
105 105
105 106
105 105
105 105
105 106
105 105
105 105
105 106
105 105
105 105
105 105
105 105
105 105
105 105
105 105
105 105
105 105
105 105
105 105
105 105
105 105
105 11
105 105
105 105
106 106
106 106
106 106
106 106
106 106
106 106
106 106
106 106
106 99
106 106
106 106
106 106
106 106
106 106
106 106
106 106
106 106
106 106
106 106
106 106
106 106
106 106
106 106
106 106
106 106
106 106
106 106
106 106
106 106
106 106
106 45
106 106
106 106
106 106
106 106
106 106
106 106
106 106
106 106
106 106
106 106
106 106
106 106
106 106
106 106
106 106
106 106
106 106
106 106
106 106
107 107
107 112
107 107
107 107
107 107
107 107
107 107
107 107
107 107
107 107
107 107
107 107
107 107
107 107
107 107
107 107
107 107
107 107
107 107
107 107
107 107
107 107
107 107
107 107
107 107
107 107
107 107
107 107
107 107
107 107
107 107
107 107
107 81
107 107
107 107
107 89
107 89
107 107
107 107
107 107
107 107
107 107
107 107
107 107
107 112
107 107
107 107
107 107
107 107
107 107
108 108
108 108
108 89
108 108
108 108
108 108
108 108
108 108
108 108
108 108
108 108
108 108
108 108
108 108
108 111
108 108
108 108
108 108
108 108
108 108
108 108
108 108
108 108
108 108
108 108
108 108
108 108
108 108
108 108
108 108
108 108
108 108
108 108
108 83
108 108
108 89
108 108
108 108
108 108
108 108
108 108
108 89
108 108
108 108
108 108
108 108
108 108
108 108
108 108
108 108
109 108
109 109
109 109
109 109
109 110
109 24
109 109
109 108
109 109
109 109
109 108
109 108
109 109
109 108
109 109
109 109
109 108
109 24
109 109
109 108
109 108
109 93
109 108
109 109
109 108
109 109
109 109
109 109
109 108
109 108
109 109
109 109
109 109
109 108
109 109
109 108
109 108
109 109
109 108
109 109
109 109
109 109
109 109
109 108
109 108
109 108
109 108
109 108
109 109
109 109
110 110
110 110
110 110
110 110
110 110
110 110
110 110
110 110
110 110
110 110
110 93
110 110
110 110
110 110
110 110
110 93
110 110
110 110
110 110
110 107
110 110
110 110
110 110
110 110
110 42
110 110
110 110
110 110
110 110
110 112
110 110
110 71
110 110
110 110
110 110
110 110
110 110
110 110
110 110
110 110
110 110
110 110
110 93
110 110
110 110
110 110
110 110
110 110
110 24
110 110
111 108
111 108
111 107
111 111
111 108
111 111
111 111
111 108
111 111
111 108
111 108
111 111
111 111
111 111
111 111
111 111
111 111
111 108
111 108
111 48
111 108
111 111
111 108
111 111
111 108
111 89
111 107
111 108
111 108
111 111
111 111
111 111
111 111
111 108
111 108
111 111
111 108
111 108
111 107
111 111
111 108
111 111
111 111
111 108
111 108
111 108
111 108
111 108
111 108
111 111
112 112
112 107
112 112
112 112
112 112
112 112
112 107
112 112
112 112
112 112
112 112
112 112
112 112
112 112
112 112
112 112
112 112
112 112
112 112
112 112
112 112
112 112
112 112
112 112
112 112
112 112
112 112
112 112
112 112
112 112
112 112
112 112
112 45
112 107
112 112
112 107
112 112
112 112
112 112
112 112
112 112
112 112
112 112
112 112
112 112
112 112
112 112
112 112
112 112
112 112
113 113
113 113
113 113
113 17
113 113
113 113
113 113
113 113
113 113
113 45
113 113
113 113
113 113
113 113
113 113
113 113
113 24
113 113
113 113
113 113
113 101
113 113
113 113
113 32
113 113
113 113
113 113
113 113
113 113
113 113
113 113
113 113
113 113
113 113
113 113
113 113
113 113
113 113
113 113
113 113
113 113
113 113
113 34
113 113
113 113
113 113
113 113
113 113
113 113
113 113
114 71
114 114
114 114
114 114
114 114
114 75
114 114
114 114
114 114
114 114
114 71
114 81
114 114
114 113
114 114
114 114
114 114
114 59
114 90
114 114
114 69
114 114
114 114
114 114
114 114
114 114
114 114
114 114
114 114
114 114
114 114
114 114
114 99
114 114
114 114
114 114
114 107
114 45
114 71
114 114
114 114
114 114
114 114
114 114
114 114
114 114
114 114
114 114
114 114
114 114
115 24
115 117
115 6
115 6
115 47
115 24
115 62
115 24
115 47
115 6
115 47
115 17
115 60
115 73
115 73
115 108
115 81
115 71
115 101
115 6
115 60
115 78
115 72
115 24
115 83
115 72
115 72
115 41
115 108
115 6
115 45
115 6
115 72
115 73
115 117
115 24
115 72
115 60
115 47
115 72
115 82
115 24
115 72
115 24
115 72
115 113
115 108
115 47
115 73
115 72
116 63
116 78
116 93
116 114
116 110
116 71
116 114
116 114
116 75
116 114
116 71
116 75
116 71
116 75
116 114
116 114
116 71
116 114
116 114
116 71
116 69
116 114
116 114
116 110
116 114
116 71
116 71
116 71
116 114
116 114
116 75
116 114
116 71
116 114
116 71
116 71
116 113
116 114
116 71
116 62
116 75
116 71
116 62
116 114
116 114
116 114
116 114
116 114
116 71
116 93
117 117
117 48
117 117
117 24
117 117
117 117
117 74
117 74
117 111
117 62
117 24
117 24
117 74
117 117
117 59
117 59
117 111
117 62
117 62
117 24
117 74
117 117
117 59
117 48
117 117
117 117
117 74
117 62
117 111
117 82
117 114
117 74
117 117
117 114
117 59
117 74
117 114
117 59
117 62
117 24
117 49
117 74
117 117
117 26
117 117
117 89
117 78
117 117
117 74
117 117
118 75
118 114
118 114
118 75
118 114
118 114
118 114
118 114
118 114
118 46
118 114
118 114
118 114
118 75
118 114
118 114
118 114
118 114
118 114
118 114
118 114
118 114
118 114
118 114
118 114
118 75
118 75
118 114
118 114
118 114
118 114
118 114
118 114
118 114
118 114
118 114
118 114
118 114
118 75
118 75
118 114
118 114
118 114
118 114
118 114
118 114
118 114
118 114
118 74
118 114
